 #(1), T(2), Hm(3), mag(4), magsr1(5), magsr2(6),   magsr3(7), magsr4(8), maghp(9), chi(10), chi0(11), ENERP(12),     CV(13), EnthalpyNN(14), EwEnthalpy(15),                            NMonop(-1,1)(16), NMonop(1,1)(17), Numontot(18), Ul(19)
   1  2.5000    0.0000     0.0181    -0.0029    -0.0008     0.0018     0.0006    -0.0004708     0.0000764     0.0002071    -1.7670016     2.2665453    -0.9149117    -1.7670016     0.1299609     0.0440690     0.3507747    -0.0425903
   2  2.5000    0.0110     0.0218     0.0232    -0.0259    -0.0269     0.0258     0.0146988     0.0001040     0.0002943    -1.8228186     5.2945931    -0.9148395    -1.8223894     0.1335514     0.0457389     0.3509245     0.0778540
   3  2.5000    0.0220     0.0329     0.0536    -0.0563    -0.0512     0.0533     0.0309452     0.0001588     0.0005926    -1.7729577     2.2304648    -0.9158403    -1.7683848     0.1341862     0.0470345     0.3490755     0.2727532
   4  2.5000    0.0330     0.0473     0.0808    -0.0790    -0.0843     0.0802     0.0468148     0.0002063     0.0011001    -1.7871330     2.5513889    -0.9151863    -1.7772991     0.1375065     0.0492969     0.3502018     0.4300887
   5  2.5000    0.0440     0.0651     0.1163    -0.1095    -0.1125     0.1124     0.0650572     0.0002005     0.0018935    -1.8245566     3.5080649    -0.9160174    -1.8042379     0.1381348     0.0506413     0.3486784     0.5292262
   6  2.5000    0.0550     0.0787     0.1358    -0.1382    -0.1345     0.1369     0.0787128     0.0002106     0.0026889    -1.7990156     2.3928774    -0.9168412    -1.7699362     0.1387272     0.0533561     0.3473958     0.5654181
   7  2.5000    0.0660     0.0938     0.1632    -0.1592    -0.1651     0.1624     0.0938119     0.0002074     0.0037277    -1.8094482     2.5205565    -0.9164799    -1.7678591     0.1410775     0.0536230     0.3479297     0.5939208
   8  2.5000    0.0770     0.1100     0.1843    -0.1922    -0.1919     0.1935     0.1099625     0.0002316     0.0050683    -1.8309494     2.5951049    -0.9164257    -1.7750659     0.1428939     0.0557324     0.3481055     0.6055818
   9  2.5000    0.0880     0.1281     0.2238    -0.2205    -0.2189     0.2240     0.1280582     0.0002091     0.0067686    -1.8677645     2.5503438    -0.9181565    -1.7909417     0.1432031     0.0571224     0.3449414     0.6260058
  10  2.5000    0.0990     0.1446     0.2510    -0.2533    -0.2468     0.2504     0.1445565     0.0002037     0.0085623    -1.8715790     2.6171432    -0.9187635    -1.7753972     0.1449316     0.0589681     0.3438216     0.6353062
  11  2.5000    0.1100     0.1602     0.2790    -0.2792    -0.2753     0.2765     0.1602194     0.0001991     0.0104672    -1.8892579     2.8224904    -0.9200390    -1.7708759     0.1458398     0.0605339     0.3416276     0.6412003
  12  2.5000    0.1210     0.1764     0.3056    -0.3042    -0.3073     0.3049     0.1763831     0.0002097     0.0126541    -1.9181937     2.7779505    -0.9223479    -1.7748090     0.1450391     0.0611784     0.3374805     0.6446149
  13  2.5000    0.1320     0.1936     0.3331    -0.3361    -0.3354     0.3365     0.1935749     0.0002261     0.0152146    -1.9433802     2.8510081    -0.9219287    -1.7717471     0.1462565     0.0635775     0.3382161     0.6467723
  14  2.5000    0.1430     0.2097     0.3619    -0.3643    -0.3620     0.3645     0.2096700     0.0002320     0.0178166    -1.9753359     3.0916228    -0.9237823    -1.7739401     0.1476270     0.0627148     0.3350326     0.6494355
  15  2.5000    0.1540     0.2259     0.3903    -0.3918    -0.3911     0.3920     0.2259014     0.0002388     0.0206514    -2.0181248     3.5321082    -0.9259539    -1.7844469     0.1470150     0.0645964     0.3310286     0.6510017
  16  2.5000    0.1650     0.2447     0.4268    -0.4229    -0.4228     0.4230     0.2447161     0.0002465     0.0242009    -2.0554058     3.3368331    -0.9275835    -1.7834972     0.1467839     0.0652930     0.3281250     0.6530435
  17  2.5000    0.1760     0.2622     0.4550    -0.4546    -0.4542     0.4530     0.2622396     0.0002280     0.0277358    -2.1268925     3.7610951    -0.9303730    -1.8168731     0.1457813     0.0659668     0.3231380     0.6557908
  18  2.5000    0.1870     0.2795     0.4846    -0.4833    -0.4848     0.4839     0.2795197     0.0002437     0.0314962    -2.1474001     3.9458990    -0.9327613    -1.7962992     0.1457747     0.0654557     0.3187826     0.6564741
  19  2.5000    0.1980     0.2958     0.5074    -0.5108    -0.5156     0.5155     0.2957745     0.0002438     0.0352368    -2.1919387     4.1060505    -0.9371117    -1.7989233     0.1426823     0.0653451     0.3110547     0.6574626
  20  2.5000    0.2090     0.3147     0.5500    -0.5442    -0.5503     0.5357     0.3146878     0.0002488     0.0398601    -2.2530758     4.2988103    -0.9408732    -1.8113108     0.1411979     0.0657161     0.3042643     0.6584734
  21  2.5000    0.2200     0.3328     0.5775    -0.5750    -0.5771     0.5761     0.3327986     0.0002330     0.0445349    -2.2875351     4.2502763    -0.9426690    -1.7957423     0.1412533     0.0654297     0.3011393     0.6597209
  22  2.5000    0.2310     0.3516     0.6080    -0.6085    -0.6090     0.6102     0.3515823     0.0002157     0.0496597    -2.3479397     4.5431099    -0.9473554    -1.8023959     0.1382812     0.0649870     0.2926172     0.6608713
  23  2.5000    0.2420     0.3684     0.6373    -0.6376    -0.6391     0.6383     0.3683944     0.0002261     0.0545119    -2.4068869     5.1524797    -0.9516552    -1.8080531     0.1347428     0.0646647     0.2849219     0.6612198
  24  2.5000    0.2530     0.3853     0.6685    -0.6679    -0.6664     0.6664     0.3852667     0.0002180     0.0595902    -2.4686306     5.1905660    -0.9559839    -1.8139042     0.1325033     0.0630729     0.2772396     0.6618244
  25  2.5000    0.2640     0.4030     0.6986    -0.7002    -0.6954     0.6980     0.4030279     0.0002079     0.0651805    -2.5356164     5.2366753    -0.9623180    -1.8209276     0.1283398     0.0607780     0.2657292     0.6624303
  26  2.5000    0.2750     0.4197     0.7258    -0.7261    -0.7279     0.7279     0.4197000     0.0002153     0.0706745    -2.6039054     5.6323137    -0.9663685    -1.8286414     0.1246615     0.0598665     0.2584961     0.6626601
  27  2.5000    0.2860     0.4347     0.7536    -0.7519    -0.7529     0.7530     0.4346656     0.0002211     0.0757948    -2.6735322     6.3718213    -0.9722726    -1.8385076     0.1208268     0.0580566     0.2477865     0.6628101
  28  2.5000    0.2970     0.4506     0.7803    -0.7813    -0.7797     0.7808     0.4506348     0.0001916     0.0814203    -2.7498045     6.4053314    -0.9800194    -1.8508057     0.1141797     0.0555111     0.2340299     0.6635557
  29  2.5000    0.3080     0.4643     0.8057    -0.8030    -0.8052     0.8025     0.4642586     0.0001829     0.0863973    -2.8214336     6.3831623    -0.9860825    -1.8609530     0.1091081     0.0541569     0.2230273     0.6638562
  30  2.5000    0.3190     0.4769     0.8273    -0.8250    -0.8259     0.8260     0.4769097     0.0001681     0.0911453    -2.9105916     8.4476489    -0.9928249    -1.8884867     0.1039290     0.0501758     0.2108854     0.6642204
  31  2.5000    0.3300     0.4880     0.8463    -0.8441    -0.8460     0.8442     0.4879653     0.0001503     0.0953943    -2.9638630     6.7714998    -0.9986857    -1.8822279     0.0987500     0.0489193     0.2003320     0.6645904
  32  2.5000    0.3410     0.4999     0.8731    -0.8636    -0.8631     0.8635     0.4998788     0.0001314     0.1000829    -3.0483503     6.1403685    -1.0053485    -1.9033727     0.0931152     0.0460970     0.1884245     0.6649302
  33  2.5000    0.3520     0.5072     0.8810    -0.8785    -0.8774     0.8774     0.5072347     0.0001119     0.1030267    -3.1066392     5.7260298    -1.0105950    -1.9068806     0.0881283     0.0440202     0.1789518     0.6652371
  34  2.5000    0.3630     0.5155     0.8934    -0.8928    -0.8923     0.8927     0.5154524     0.0001008     0.1063773    -3.1734760     5.9865586    -1.0171784    -1.9165789     0.0829590     0.0405632     0.1671094     0.6654153
  35  2.5000    0.3740     0.5228     0.9037    -0.9060    -0.9057     0.9065     0.5227707     0.0000819     0.1093976    -3.2396784     5.4391624    -1.0230825    -1.9263878     0.0768978     0.0380794     0.1565299     0.6656792
  36  2.5000    0.3850     0.5277     0.9140    -0.9140    -0.9135     0.9146     0.5277032     0.0000762     0.1114645    -3.2990487     5.6079323    -1.0272342    -1.9343764     0.0744727     0.0362174     0.1490169     0.6657647
  37  2.5000    0.3960     0.5330     0.9235    -0.9227    -0.9236     0.9231     0.5330247     0.0000656     0.1137117    -3.3614852     5.2309728    -1.0322639    -1.9436673     0.0697396     0.0345085     0.1399349     0.6659055
  38  2.5000    0.4070     0.5381     0.9327    -0.9311    -0.9325     0.9317     0.5380897     0.0000530     0.1158692    -3.4236067     4.4866063    -1.0369322    -1.9525580     0.0658236     0.0327507     0.1315820     0.6660620
  39  2.5000    0.4180     0.5425     0.9397    -0.9398    -0.9399     0.9393     0.5425138     0.0000465     0.1177750    -3.4856663     4.4347828    -1.0420992    -1.9624380     0.0605046     0.0307454     0.1222786     0.6661460
  40  2.5000    0.4290     0.5449     0.9440    -0.9432    -0.9441     0.9441     0.5449420     0.0000373     0.1188220    -3.5378450     3.9284267    -1.0447297    -1.9675348     0.0588704     0.0289974     0.1175130     0.6662509
  41  2.5000    0.4400     0.5480     0.9498    -0.9489    -0.9492     0.9489     0.5480345     0.0000374     0.1201741    -3.5948294     4.1811143    -1.0486393    -1.9751148     0.0553548     0.0271777     0.1105078     0.6662564
  42  2.5000    0.4510     0.5503     0.9532    -0.9535    -0.9530     0.9529     0.5502982     0.0000316     0.1211629    -3.6477789     3.9099993    -1.0514432    -1.9807136     0.0523600     0.0264714     0.1054427     0.6663214
  43  2.5000    0.4620     0.5528     0.9575    -0.9572    -0.9574     0.9575     0.5527706     0.0000275     0.1222496    -3.7025476     3.6370466    -1.0547891    -1.9871497     0.0497819     0.0245605     0.0994271     0.6663693
  44  2.5000    0.4730     0.5547     0.9611    -0.9605    -0.9611     0.9605     0.5547280     0.0000248     0.1231141    -3.7555642     3.5655855    -1.0577809    -1.9931048     0.0468685     0.0236426     0.0940169     0.6663996
  45  2.5000    0.4840     0.5565     0.9634    -0.9643    -0.9638     0.9637     0.5564523     0.0000222     0.1238779    -3.8070432     3.3519250    -1.0602777    -1.9979903     0.0441960     0.0225846     0.0895378     0.6664295
  46  2.5000    0.4950     0.5582     0.9669    -0.9673    -0.9661     0.9667     0.5581532     0.0000187     0.1246327    -3.8581604     3.0383302    -1.0624745    -2.0023373     0.0428158     0.0214746     0.0855924     0.6664682
  47  2.5000    0.5060     0.5594     0.9686    -0.9686    -0.9694     0.9690     0.5594002     0.0000181     0.1251895    -3.9090159     3.0372071    -1.0652387    -2.0077143     0.0400098     0.0201693     0.0806315     0.6664759
  48  2.5000    0.5170     0.5605     0.9718    -0.9707    -0.9706     0.9700     0.5604846     0.0000154     0.1256726    -3.9569474     2.8390247    -1.0666840    -2.0105470     0.0391927     0.0199967     0.0780273     0.6665044
  49  2.5000    0.5280     0.5615     0.9726    -0.9721    -0.9725     0.9731     0.5614985     0.0000146     0.1261269    -4.0061913     2.8059942    -1.0688592    -2.0147822     0.0375814     0.0179948     0.0741146     0.6665129
  50  2.5000    0.5390     0.5624     0.9744    -0.9743    -0.9739     0.9742     0.5624467     0.0000125     0.1265510    -4.0546859     2.4899801    -1.0706622    -2.0183565     0.0355469     0.0175749     0.0708398     0.6665356
  51  2.5000    0.5500     0.5636     0.9761    -0.9756    -0.9765     0.9768     0.5636495     0.0000115     0.1270918    -4.1055309     2.4457481    -1.0731193    -2.0232000     0.0335612     0.0160840     0.0664258     0.6665467
  52  2.5000    0.5610     0.5644     0.9790    -0.9769    -0.9773     0.9773     0.5644360     0.0000108     0.1274460    -4.1525787     2.3788323    -1.0740117    -2.0253866     0.0325293     0.0160547     0.0648177     0.6665541
  53  2.5000    0.5720     0.5652     0.9791    -0.9784    -0.9790     0.9790     0.5651643     0.0000092     0.1277735    -4.1998046     2.1867652    -1.0757208    -2.0283604     0.0312272     0.0152507     0.0617578     0.6665709
  54  2.5000    0.5830     0.5660     0.9804    -0.9804    -0.9802     0.9804     0.5660062     0.0000087     0.1281539    -4.2487892     2.1111831    -1.0777334    -2.0322892     0.0291309     0.0145475     0.0581315     0.6665769
  55  2.5000    0.5940     0.5667     0.9816    -0.9816    -0.9817     0.9813     0.5666884     0.0000083     0.1284627    -4.2961517     2.0896806    -1.0791823    -2.0351093     0.0275423     0.0139095     0.0555013     0.6665805
  56  2.5000    0.6050     0.5678     0.9885    -0.9824    -0.9817     0.9816     0.5678462     0.0000082     0.1289879    -4.3509869     2.1401690    -1.0797496    -2.0424239     0.0269499     0.0139714     0.0544987     0.6665819
  57  2.5000    0.6160     0.5676     0.9835    -0.9829    -0.9835     0.9826     0.5676075     0.0000074     0.1288787    -4.3877169     1.9860917    -1.0812094    -2.0391294     0.0257747     0.0133757     0.0518750     0.6665901
  58  2.5000    0.6270     0.5681     0.9842    -0.9841    -0.9838     0.9838     0.5680933     0.0000067     0.1290987    -4.4340272     1.8635490    -1.0824307    -2.0414545     0.0248926     0.0125553     0.0496615     0.6665981
  59  2.5000    0.6380     0.5687     0.9847    -0.9852    -0.9852     0.9853     0.5687454     0.0000060     0.1293945    -4.4815488     1.7277494    -1.0838073    -2.0442064     0.0234603     0.0116048     0.0471875     0.6666055
  60  2.5000    0.6490     0.5693     0.9861    -0.9862    -0.9857     0.9862     0.5692839     0.0000054     0.1296391    -4.5289125     1.6267546    -1.0853972    -2.0471997     0.0223698     0.0109147     0.0443229     0.6666109
  61  2.5000    0.6600     0.5700     0.9894    -0.9869    -0.9861     0.9865     0.5699821     0.0000052     0.1299570    -4.5790620     1.6515366    -1.0859536    -2.0517786     0.0217122     0.0106868     0.0433138     0.6666136
  62  2.5000    0.6710     0.5699     0.9869    -0.9871    -0.9870     0.9873     0.5698797     0.0000052     0.1299104    -4.6186356     1.6832218    -1.0868678    -2.0501115     0.0209147     0.0102214     0.0416732     0.6666131
  63  2.5000    0.6820     0.5711     0.9937    -0.9878    -0.9875     0.9879     0.5711238     0.0000050     0.1304779    -4.6763046     1.6430445    -1.0878831    -2.0590955     0.0200618     0.0098145     0.0398372     0.6666160
  64  2.5000    0.6930     0.5704     0.9878    -0.9877    -0.9882     0.9884     0.5704322     0.0000048     0.1301620    -4.7080175     1.6196631    -1.0882011    -2.0527078     0.0197819     0.0094303     0.0392643     0.6666177
  65  2.5000    0.7040     0.5710     0.9888    -0.9887    -0.9891     0.9892     0.5709566     0.0000039     0.1304005    -4.7554398     1.3661107    -1.0896428    -2.0555026     0.0184147     0.0089486     0.0366732     0.6666264
  66  2.5000    0.7150     0.5713     0.9893    -0.9897    -0.9894     0.9898     0.5713146     0.0000039     0.1305641    -4.8011102     1.4017423    -1.0905353    -2.0572671     0.0175195     0.0086133     0.0350651     0.6666269
  67  2.5000    0.7260     0.5715     0.9899    -0.9903    -0.9899     0.9897     0.5715467     0.0000037     0.1306699    -4.8458052     1.3307752    -1.0912290    -2.0586172     0.0165918     0.0087370     0.0338216     0.6666291
  68  2.5000    0.7370     0.5718     0.9904    -0.9904    -0.9904     0.9906     0.5718446     0.0000031     0.1308056    -4.8906636     1.1811008    -1.0918108    -2.0597707     0.0165332     0.0079688     0.0327734     0.6666350
  69  2.5000    0.7480     0.5719     0.9907    -0.9907    -0.9904     0.9905     0.5719010     0.0000032     0.1308315    -4.9338535     1.2305484    -1.0921576    -2.0604251     0.0161230     0.0081966     0.0321484     0.6666342
  70  2.5000    0.7590     0.5725     0.9932    -0.9910    -0.9911     0.9913     0.5725202     0.0000031     0.1311149    -4.9833341     1.2474599    -1.0930682    -2.0642145     0.0154622     0.0074870     0.0305078     0.6666350
  71  2.5000    0.7700     0.5725     0.9916    -0.9916    -0.9917     0.9918     0.5725493     0.0000028     0.1311279    -5.0250938     1.1771904    -1.0939101    -2.0637995     0.0145508     0.0071354     0.0289909     0.6666378
  72  2.5000    0.7810     0.5732     0.9957    -0.9916    -0.9922     0.9918     0.5732034     0.0000028     0.1314277    -5.0736938     1.1471794    -1.0943401    -2.0661285     0.0141211     0.0071354     0.0282096     0.6666382
  73  2.5000    0.7920     0.5729     0.9921    -0.9926    -0.9922     0.9923     0.5729055     0.0000028     0.1312910    -5.1139088     1.1666997    -1.0951169    -2.0661115     0.0132194     0.0066374     0.0268164     0.6666387
  74  2.5000    0.8030     0.5731     0.9923    -0.9926    -0.9926     0.9928     0.5730652     0.0000024     0.1313639    -5.1579054     1.0352334    -1.0955360    -2.0669157     0.0129264     0.0063086     0.0260612     0.6666421
  75  2.5000    0.8140     0.5732     0.9929    -0.9932    -0.9926     0.9928     0.5732297     0.0000023     0.1314392    -5.2019872     1.0359531    -1.0959588    -2.0677560     0.0126367     0.0063249     0.0252995     0.6666436
  76  2.5000    0.8250     0.5734     0.9933    -0.9934    -0.9932     0.9928     0.5734045     0.0000023     0.1315194    -5.2465466     1.0355934    -1.0964791    -2.0689626     0.0118099     0.0063314     0.0243555     0.6666434
  77  2.5000    0.8360     0.5736     0.9932    -0.9936    -0.9935     0.9935     0.5735689     0.0000022     0.1315947    -5.2906062     1.0357426    -1.0969994    -2.0697613     0.0115072     0.0058724     0.0234180     0.6666443
  78  2.5000    0.8470     0.5757     1.0080    -0.9937    -0.9935     0.9935     0.5757161     0.0000021     0.1325817    -5.3616289     0.9880278    -1.0973752    -2.0841584     0.0114876     0.0057715     0.0227474     0.6666459
  79  2.5000    0.8580     0.5739     0.9940    -0.9940    -0.9941     0.9942     0.5739241     0.0000018     0.1317573    -5.3796656     0.8438811    -1.0981774    -2.0720146     0.0106576     0.0052734     0.0213021     0.6666486
  80  2.5000    0.8690     0.5747     0.9979    -0.9942    -0.9949     0.9946     0.5746853     0.0000018     0.1321070    -5.4293219     0.8493047    -1.0989578    -2.0743088     0.0098828     0.0049219     0.0198958     0.6666487
  81  2.5000    0.8800     0.5743     0.9946    -0.9949    -0.9945     0.9945     0.5742540     0.0000016     0.1319087    -5.4683849     0.8126958    -1.0991927    -2.0739727     0.0095703     0.0050684     0.0194727     0.6666502
  82  2.5000    0.8910     0.5743     0.9945    -0.9948    -0.9948     0.9949     0.5743056     0.0000016     0.1319324    -5.5114088     0.8271783    -1.0993517    -2.0742572     0.0095410     0.0046354     0.0191862     0.6666503
  83  2.5000    0.9020     0.5756     0.9950    -0.9948    -0.9951     1.0027     0.5755658     0.0000022     0.1325125    -5.5699824     1.1384863    -1.0997455    -2.0827616     0.0091439     0.0048112     0.0184766     0.6666450
  84  2.5000    0.9130     0.5756     1.0024    -0.9949    -0.9955     0.9952     0.5756175     0.0000015     0.1325357    -5.6149525     0.7819457    -1.1000201    -2.0837601     0.0087044     0.0043132     0.0179818     0.6666514
  85  2.5000    0.9240     0.5746     0.9956    -0.9951    -0.9952     0.9954     0.5746467     0.0000015     0.1320890    -5.6428471     0.7823986    -1.1003995    -2.0762759     0.0089421     0.0042546     0.0172917     0.6666521
  86  2.5000    0.9350     0.5754     1.0001    -0.9957    -0.9954     0.9954     0.5754154     0.0000015     0.1324427    -5.6961577     0.8399665    -1.1008187    -2.0816383     0.0081641     0.0043066     0.0165430     0.6666517
  87  2.5000    0.9460     0.5749     0.9958    -0.9957    -0.9955     0.9957     0.5748601     0.0000013     0.1321870    -5.7305130     0.7341871    -1.1011258    -2.0776684     0.0081576     0.0039779     0.0159896     0.6666534
  88  2.5000    0.9570     0.5749     0.9958    -0.9958    -0.9954     0.9959     0.5748854     0.0000013     0.1321986    -5.7733445     0.7552040    -1.1011836    -2.0778503     0.0081803     0.0037533     0.0158854     0.6666531
  89  2.5000    0.9680     0.5750     0.9957    -0.9961    -0.9957     0.9960     0.5749681     0.0000012     0.1322366    -5.8168658     0.6807118    -1.1014980    -2.0783685     0.0075911     0.0037923     0.0153190     0.6666545
  90  2.5000    0.9790     0.5753     0.9980    -0.9960    -0.9960     0.9962     0.5753384     0.0000014     0.1324070    -5.8647240     0.7994855    -1.1017401    -2.0810104     0.0075228     0.0035254     0.0148828     0.6666531
  91  2.5000    0.9900     0.5752     0.9964    -0.9963    -0.9965     0.9962     0.5752491     0.0000011     0.1323657    -5.9055207     0.6179704    -1.1024519    -2.0801889     0.0067448     0.0034896     0.0135937     0.6666561
  92  2.5000    1.0010     0.5753     0.9966    -0.9965    -0.9964     0.9964     0.5753121     0.0000010     0.1323946    -5.9487167     0.6151483    -1.1025819    -2.0804581     0.0067513     0.0033659     0.0133659     0.6666565
  93  2.5000    1.0120     0.5765     1.0044    -0.9966    -0.9968     0.9964     0.5765074     0.0000010     0.1329453    -6.0104730     0.6061483    -1.1028277    -2.0904536     0.0062630     0.0033854     0.0129232     0.6666569
  94  2.5000    1.0230     0.5755     0.9971    -0.9966    -0.9968     0.9966     0.5754784     0.0000009     0.1324710    -6.0361471     0.5450567    -1.1032612    -2.0817289     0.0061751     0.0032096     0.0121419     0.6666577
  95  2.5000    1.0340     0.5756     0.9970    -0.9970    -0.9972     0.9967     0.5755921     0.0000009     0.1325234    -6.0800947     0.5747196    -1.1035864    -2.0823658     0.0055339     0.0030990     0.0115560     0.6666576
  96  2.5000    1.0450     0.5756     0.9971    -0.9969    -0.9972     0.9969     0.5756475     0.0000009     0.1325489    -6.1234970     0.5544850    -1.1038502    -2.0828505     0.0054785     0.0028809     0.0110807     0.6666577
  97  2.5000    1.0560     0.5760     0.9986    -0.9972    -0.9972     0.9973     0.5759586     0.0000009     0.1326923    -6.1695809     0.5822956    -1.1040706    -2.0839513     0.0052637     0.0025195     0.0106836     0.6666571
  98  2.5000    1.0670     0.5757     0.9971    -0.9972    -0.9972     0.9972     0.5757142     0.0000008     0.1325796    -6.2092997     0.5596026    -1.1039767    -2.0831085     0.0053613     0.0026400     0.0108464     0.6666581
  99  2.5000    1.0780     0.5763     1.0005    -0.9974    -0.9976     0.9975     0.5763391     0.0000009     0.1328676    -6.2610192     0.5799308    -1.1045945    -2.0872888     0.0047428     0.0023372     0.0097396     0.6666579
 100  2.5000    1.0890     0.5758     0.9974    -0.9976    -0.9974     0.9970     0.5758242     0.0000007     0.1326301    -6.2959545     0.4738516    -1.1043741    -2.0838833     0.0047852     0.0028581     0.0101367     0.6666596
 101  2.5000    1.1000     0.5759     0.9975    -0.9975    -0.9975     0.9973     0.5758806     0.0000007     0.1326561    -6.3393392     0.4908003    -1.1046126    -2.0843049     0.0047363     0.0026302     0.0097070     0.6666595
 102  2.5000    1.1000     0.5758     0.9974    -0.9975    -0.9971     0.9974     0.5758308     0.0000007     0.1326332    -6.3386891     0.5028382    -1.1044609    -2.0840228     0.0050716     0.0024251     0.0099805     0.6666592
 103  2.5000    1.0780     0.5759     0.9978    -0.9975    -0.9972     0.9976     0.5759219     0.0000008     0.1326752    -6.2548888     0.5345860    -1.1043741    -2.0845531     0.0050651     0.0023405     0.0101367     0.6666586
 104  2.5000    1.0560     0.5756     0.9972    -0.9970    -0.9970     0.9969     0.5756363     0.0000009     0.1325437    -6.1657168     0.5647675    -1.1037201    -2.0826168     0.0056966     0.0029492     0.0113151     0.6666579
 105  2.5000    1.0340     0.5755     0.9968    -0.9969    -0.9969     0.9968     0.5755470     0.0000009     0.1325026    -6.0794655     0.5822966    -1.1034275    -2.0820499     0.0058333     0.0029883     0.0118424     0.6666574
 106  2.5000    1.0120     0.5754     0.9967    -0.9966    -0.9964     0.9965     0.5753543     0.0000011     0.1324141    -5.9918862     0.6387208    -1.1027807    -2.0808316     0.0065527     0.0033203     0.0130013     0.6666560
 107  2.5000    0.9900     0.5752     0.9960    -0.9965    -0.9962     0.9962     0.5751655     0.0000011     0.1323272    -5.9043974     0.6596740    -1.1021484    -2.0796218     0.0068392     0.0035807     0.0141406     0.6666555
 108  2.5000    0.9680     0.5750     0.9960    -0.9961    -0.9958     0.9960     0.5750264     0.0000012     0.1322633    -5.8176663     0.6627407    -1.1017148    -2.0787900     0.0075130     0.0037305     0.0149284     0.6666549
 109  2.5000    0.9460     0.5761     1.0035    -0.9961    -0.9959     0.9958     0.5760929     0.0000013     0.1327545    -5.7483027     0.7003763    -1.1015233    -2.0865140     0.0074577     0.0039128     0.0152734     0.6666540
 110  2.5000    0.9240     0.5757     1.0024    -0.9953    -0.9953     0.9956     0.5756851     0.0000015     0.1325668    -5.6578298     0.8171888    -1.1006452    -2.0838507     0.0087695     0.0040853     0.0168555     0.6666516
 111  2.5000    0.9020     0.5744     0.9947    -0.9951    -0.9951     0.9948     0.5744269     0.0000016     0.1319881    -5.5553560     0.8218306    -1.0997491    -2.0750356     0.0088672     0.0047754     0.0184701     0.6666508
 112  2.5000    0.8800     0.5742     0.9943    -0.9945    -0.9947     0.9944     0.5741572     0.0000017     0.1318642    -5.4669904     0.8407256    -1.0987519    -2.0731503     0.0098926     0.0051790     0.0202669     0.6666499
 113  2.5000    0.8580     0.5740     0.9940    -0.9941    -0.9941     0.9944     0.5739796     0.0000019     0.1317829    -5.3802103     0.8937228    -1.0982966    -2.0722392     0.0106641     0.0050391     0.0210872     0.6666480
 114  2.5000    0.8360     0.5737     0.9937    -0.9935    -0.9938     0.9936     0.5736760     0.0000020     0.1316437    -5.2919046     0.9209387    -1.0973608    -2.0704579     0.0113835     0.0057227     0.0227669     0.6666464
 115  2.5000    0.8140     0.5738     0.9957    -0.9933    -0.9932     0.9932     0.5737935     0.0000023     0.1316979    -5.2092768     1.0708287    -1.0961359    -2.0715014     0.0121029     0.0060905     0.0249740     0.6666435
 116  2.5000    0.7920     0.5730     0.9925    -0.9925    -0.9926     0.9923     0.5729919     0.0000025     0.1313304    -5.1148001     1.0600970    -1.0953482    -2.0665424     0.0130306     0.0067220     0.0263997     0.6666415
 117  2.5000    0.7700     0.5726     0.9920    -0.9917    -0.9913     0.9917     0.5725503     0.0000027     0.1311282    -5.0252256     1.1112964    -1.0939860    -2.0639262     0.0147103     0.0071257     0.0288477     0.6666393
 118  2.5000    0.7480     0.5721     0.9910    -0.9910    -0.9909     0.9908     0.5721077     0.0000031     0.1309260    -4.9359145     1.2436731    -1.0926996    -2.0614474     0.0155664     0.0078906     0.0311719     0.6666351
 119  2.5000    0.7260     0.5721     0.9951    -0.9897    -0.9897     0.9894     0.5721378     0.0000039     0.1309405    -4.8503187     1.4095263    -1.0905353    -2.0594608     0.0173372     0.0090430     0.0350586     0.6666276
 120  2.5000    0.7040     0.5710     0.9888    -0.9889    -0.9891     0.9890     0.5709697     0.0000040     0.1304065    -4.7552855     1.3723367    -1.0895019    -2.0552861     0.0183301     0.0092350     0.0369271     0.6666264
 121  2.5000    0.6820     0.5702     0.9877    -0.9870    -0.9874     0.9881     0.5701616     0.0000042     0.1300379    -4.6630884     1.3833446    -1.0873989    -2.0511658     0.0210059     0.0096615     0.0407161     0.6666237
 122  2.5000    0.6600     0.5695     0.9864    -0.9862    -0.9867     0.9862     0.5694859     0.0000056     0.1297313    -4.5726563     1.7208475    -1.0857513    -2.0479848     0.0216797     0.0110645     0.0436849     0.6666094
 123  2.5000    0.6380     0.5686     0.9850    -0.9851    -0.9850     0.9846     0.5686393     0.0000057     0.1293459    -4.4808687     1.6861423    -1.0837278    -2.0439813     0.0234375     0.0119792     0.0473177     0.6666080
 124  2.5000    0.6160     0.5677     0.9831    -0.9836    -0.9831     0.9834     0.5676967     0.0000069     0.1289188    -4.3888908     1.8777015    -1.0816719    -2.0399336     0.0253809     0.0126725     0.0510156     0.6665952
 125  2.5000    0.5940     0.5678     0.9895    -0.9808    -0.9820     0.9813     0.5677794     0.0000076     0.1289570    -4.3104569     1.8982523    -1.0792618    -2.0439336     0.0277604     0.0140039     0.0553646     0.6665886
 126  2.5000    0.5720     0.5652     0.9786    -0.9791    -0.9792     0.9788     0.5651831     0.0000101     0.1277829    -4.2003249     2.2565532    -1.0759485    -2.0288085     0.0302051     0.0155566     0.0613477     0.6665618
 127  2.5000    0.5500     0.5636     0.9759    -0.9770    -0.9758     0.9763     0.5636326     0.0000109     0.1270836    -4.1049455     2.3263879    -1.0728483    -2.0226771     0.0330566     0.0168522     0.0668815     0.6665525
 128  2.5000    0.5280     0.5618     0.9722    -0.9735    -0.9731     0.9736     0.5618077     0.0000133     0.1262644    -4.0085259     2.5240480    -1.0694698    -2.0160204     0.0360807     0.0178451     0.0730078     0.6665274
 129  2.5000    0.5060     0.5591     0.9679    -0.9687    -0.9680     0.9689     0.5590929     0.0000177     0.1250516    -3.9062097     2.9946657    -1.0642776    -2.0059522     0.0411133     0.0200358     0.0823307     0.6664792
 130  2.5000    0.4840     0.5560     0.9628    -0.9632    -0.9629     0.9630     0.5559815     0.0000206     0.1236668    -3.8042952     3.0471015    -1.0596453    -1.9967728     0.0450944     0.0224316     0.0906966     0.6664457
 131  2.5000    0.4620     0.5526     0.9573    -0.9564    -0.9573     0.9576     0.5526306     0.0000305     0.1221907    -3.7017437     3.9056352    -1.0546193    -1.9867803     0.0502865     0.0243913     0.0997461     0.6663369
 132  2.5000    0.4400     0.5478     0.9489    -0.9476    -0.9498     0.9488     0.5477836     0.0000334     0.1200601    -3.5926037     3.9076627    -1.0478227    -1.9736305     0.0559766     0.0279460     0.1119531     0.6662991
 133  2.5000    0.4180     0.5416     0.9381    -0.9377    -0.9391     0.9377     0.5416427     0.0000528     0.1174036    -3.4842561     5.0218043    -1.0405780    -1.9634734     0.0615885     0.0311393     0.1249479     0.6660743
 134  2.5000    0.3960     0.5332     0.9242    -0.9243    -0.9223     0.9233     0.5331995     0.0000624     0.1137831    -3.3608822     5.0170868    -1.0317147    -1.9425992     0.0704199     0.0345475     0.1409440     0.6659409
 135  2.5000    0.3740     0.5224     0.9053    -0.9053    -0.9043     0.9046     0.5224324     0.0000911     0.1092654    -3.2388362     6.0218778    -1.0230970    -1.9263954     0.0776693     0.0384635     0.1564518     0.6655641
 136  2.5000    0.3520     0.5076     0.8789    -0.8788    -0.8796     0.8798     0.5076425     0.0001153     0.1031957    -3.1063804     6.3379313    -1.0120548    -1.9061113     0.0873372     0.0430306     0.1763802     0.6651851
 137  2.5000    0.3300     0.4881     0.8460    -0.8450    -0.8456     0.8452     0.4881260     0.0001381     0.0954449    -2.9640397     6.0547489    -0.9986278    -1.8820482     0.0989193     0.0490234     0.2005273     0.6647532
 138  2.5000    0.3080     0.4650     0.8058    -0.8045    -0.8066     0.8051     0.4650498     0.0001675     0.0866761    -2.8230830     5.9606333    -0.9862343    -1.8609654     0.1088965     0.0532878     0.2227344     0.6641129
 139  2.5000    0.2860     0.4356     0.7563    -0.7561    -0.7518     0.7540     0.4356391     0.0001967     0.0761093    -2.6771783     5.9642310    -0.9733746    -1.8402834     0.1203092     0.0574967     0.2458594     0.6632394
 140  2.5000    0.2640     0.4023     0.6969    -0.6961    -0.6984     0.6959     0.4023071     0.0002147     0.0649551    -2.5363038     5.6152628    -0.9619458    -1.8228931     0.1271289     0.0618490     0.2663802     0.6622328
 141  2.5000    0.2420     0.3669     0.6364    -0.6356    -0.6351     0.6350     0.3669219     0.0002448     0.0540975    -2.4051149     4.9853143    -0.9518250    -1.8086746     0.1353841     0.0637044     0.2846289     0.6606530
 142  2.5000    0.2200     0.3338     0.5777    -0.5749    -0.5812     0.5786     0.3337637     0.0002150     0.0447743    -2.2916384     4.5148478    -0.9441649    -1.7984194     0.1397819     0.0657227     0.2984115     0.6602675
 143  2.5000    0.1980     0.2978     0.5150    -0.5165    -0.5160     0.5161     0.2978494     0.0002400     0.0357257    -2.1835418     3.9797538    -0.9354894    -1.7874098     0.1441178     0.0667448     0.3139714     0.6576871
 144  2.5000    0.1760     0.2603     0.4528    -0.4520    -0.4496     0.4491     0.2603122     0.0002351     0.0273401    -2.0957734     3.6741759    -0.9304452    -1.7880325     0.1460449     0.0652930     0.3229036     0.6552302
 145  2.5000    0.1540     0.2282     0.3924    -0.3950    -0.3961     0.3973     0.2281699     0.0002207     0.0210453    -2.0194429     3.0314104    -0.9263694    -1.7834185     0.1460840     0.0642122     0.3303385     0.6526151
 146  2.5000    0.1320     0.1933     0.3352    -0.3338    -0.3352     0.3350     0.1932977     0.0002372     0.0151828    -1.9578619     3.0848233    -0.9223876    -1.7862885     0.1463639     0.0625846     0.3374154     0.6458187
 147  2.5000    0.1100     0.1600     0.2765    -0.2761    -0.2780     0.2781     0.1600324     0.0002125     0.0104567    -1.9211816     4.2857118    -0.9198222    -1.8027489     0.1452116     0.0602930     0.3418034     0.6396614
 148  2.5000    0.0880     0.1288     0.2214    -0.2210    -0.2205     0.2295     0.1288072     0.0002205     0.0068570    -1.8535634     2.6404206    -0.9178529    -1.7774256     0.1440625     0.0571940     0.3454492     0.6249048
 149  2.5000    0.0660     0.0945     0.1655    -0.1633    -0.1640     0.1623     0.0945430     0.0002193     0.0037946    -1.8097977     2.4359189    -0.9165919    -1.7678844     0.1413867     0.0543522     0.3478060     0.5907361
 150  2.5000    0.0440     0.0608     0.1084    -0.0944    -0.1079     0.1106     0.0608050     0.0002075     0.0016883    -1.8113837     2.2871976    -0.9164943    -1.7933395     0.1370866     0.0503809     0.3480013     0.5126249
 151  2.5000    0.0220     0.0355     0.0572    -0.0524    -0.0557     0.0707     0.0340857     0.0001722     0.0006759    -1.8260772     3.3237429    -0.9150563    -1.8202142     0.1345801     0.0474967     0.3503971     0.3145244
 152  2.5000    0.0000     0.0177     0.0029     0.0021    -0.0023    -0.0010     0.0003101     0.0000746     0.0001994    -1.7670026     2.2366711    -0.9149732    -1.7665477     0.1306738     0.0440462     0.3506380    -0.0792952
