 #(1), T(2), Hm(3), mag(4), magsr1(5), magsr2(6),   magsr3(7), magsr4(8), maghp(9), chi(10), chi0(11), ENERP(12),     CV(13), EnthalpyNN(14), EwEnthalpy(15),                            NMonop(-1,1)(16), NMonop(1,1)(17), Numontot(18), Ul(19)
   1  0.7000    0.0000     0.0211    -0.0058     0.1393    -0.0662    -0.0672    -0.0210988     0.0000970     0.0007330    -2.2221377     9.1780695    -1.1099494    -2.2221377     0.0000299     0.0000091     0.0000911     0.4606940
   2  0.7000    0.0042     0.0330     0.0902    -0.0500    -0.0670     0.0215     0.0330138     0.0003969     0.0019545    -2.2029967     7.7235432    -1.1099234    -2.2028282     0.0000508     0.0000195     0.0001380     0.4990168
   3  0.7000    0.0083     0.0442     0.0607    -0.1151    -0.0355     0.0950     0.0442188     0.0004681     0.0032614    -2.2193082    42.4792467    -1.1098931    -2.2161042     0.0000781     0.0000182     0.0001927     0.4993550
   4  0.7000    0.0125     0.0511     0.1160    -0.0756    -0.1016     0.0612     0.0511474     0.0001955     0.0039327    -2.2064421     1.5060952    -1.1098873    -2.2021477     0.0000807     0.0000299     0.0002031     0.5999056
   5  0.7000    0.0167     0.0550     0.1212    -0.0394    -0.1511     0.0694     0.0549994     0.0002700     0.0045913    -2.2058964     0.5691539    -1.1098916    -2.1997392     0.0000833     0.0000221     0.0001953     0.5934633
   6  0.7000    0.0208     0.0633     0.0752    -0.1365    -0.0827     0.1440     0.0632650     0.0002045     0.0059223    -2.1890596     0.2456318    -1.1099032    -2.1802064     0.0000638     0.0000234     0.0001745     0.6179675
   7  0.7000    0.0250     0.0931     0.1773    -0.1880    -0.1344     0.1451     0.0930549     0.0001633     0.0125336    -2.2238683     2.1379620    -1.1099032    -2.2082419     0.0000508     0.0000326     0.0001745     0.6495254
   8  0.7000    0.0292     0.1148     0.2262    -0.1828    -0.2120     0.1747     0.1148487     0.0002114     0.0190546    -2.2190036     2.3805351    -1.1099162    -2.1956315     0.0000716     0.0000208     0.0001510     0.6507803
   9  0.7000    0.0333     0.1554     0.2761    -0.2660    -0.2758     0.2586     0.1553798     0.0004912     0.0349810    -2.2770384     4.6268518    -1.1099003    -2.2432827     0.0000716     0.0000247     0.0001797     0.6486070
  10  0.7000    0.0375     0.1600     0.3063    -0.3085    -0.2420     0.2515     0.1599839     0.0001539     0.0367180    -2.2817372    19.2185873    -1.1098988    -2.2403918     0.0000651     0.0000521     0.0001823     0.6611033
  11  0.7000    0.0417     0.2162     0.3932    -0.3953    -0.3559     0.3533     0.2161775     0.0004299     0.0671909    -2.2609777    11.7391291    -1.1099003    -2.2011475     0.0000703     0.0000365     0.0001797     0.6586332
  12  0.7000    0.0458     0.2009     0.3089    -0.4095    -0.2864     0.3870     0.2008923     0.0000549     0.0577088    -2.2871309     6.0197779    -1.1099523    -2.2252833     0.0000391     0.0000182     0.0000859     0.6653157
  13  0.7000    0.0500     0.2134     0.3795    -0.3555    -0.3847     0.3588     0.2134076     0.0002220     0.0652831    -2.3393166    18.2996909    -1.1099147    -2.2679097     0.0000664     0.0000247     0.0001536     0.6620129
  14  0.7000    0.0542     0.2209     0.3900    -0.3763    -0.3877     0.3765     0.2209128     0.0012809     0.0709987    -2.2562973     4.0247634    -1.1098338    -2.1755573     0.0001211     0.0000599     0.0002995     0.6439456
  15  0.7000    0.0583     0.2599     0.5276    -0.4573    -0.4414     0.3744     0.2599159     0.0002835     0.0967924    -2.2818470     5.6450253    -1.1098902    -2.1795293     0.0000859     0.0000469     0.0001979     0.6625184
  16  0.7000    0.0625     0.2877     0.4744    -0.5225    -0.4769     0.5194     0.2876907     0.0000045     0.1182415    -2.3543056    36.9385365    -1.1099538    -2.2343293     0.0000430     0.0000091     0.0000833     0.6666190
  17  0.7000    0.0667     0.3016     0.5174    -0.4835    -0.5612     0.5274     0.3016027     0.0004397     0.1303886    -2.3025982     2.6262295    -1.1099133    -2.1675397     0.0000820     0.0000234     0.0001563     0.6619672
  18  0.7000    0.0708     0.3485     0.6061    -0.5410    -0.6641     0.6035     0.3485233     0.0001015     0.1736280    -2.3230830     0.8007995    -1.1099595    -2.1566166     0.0000391     0.0000065     0.0000729     0.6658693
  19  0.7000    0.0750     0.3651     0.6539    -0.5688    -0.6938     0.6133     0.3651380     0.0000807     0.1905460    -2.3767593    11.8717813    -1.1099408    -2.1921654     0.0000495     0.0000299     0.0001068     0.6660850
  20  0.7000    0.0792     0.3586     0.6109    -0.5484    -0.6940     0.6315     0.3586431     0.0001219     0.1838717    -2.3564139     0.1922497    -1.1099610    -2.1656997     0.0000339     0.0000182     0.0000703     0.6657873
  21  0.7000    0.0833     0.3658     0.6334    -0.6186    -0.6449     0.6371     0.3657514     0.0002945     0.1914004    -2.3752180     2.4345505    -1.1099075    -2.1694767     0.0000547     0.0000443     0.0001667     0.6646511
  22  0.7000    0.0875     0.4054     0.6716    -0.6708    -0.7331     0.7331     0.4053841     0.0003162     0.2350823    -2.4073272     4.1414938    -1.1099017    -2.1689558     0.0000872     0.0000313     0.0001771     0.6649772
  23  0.7000    0.0917     0.4158     0.6923    -0.6875    -0.7530     0.7482     0.4158459     0.0002523     0.2472920    -2.3929703     0.4158604    -1.1099393    -2.1369220     0.0000508     0.0000221     0.0001094     0.6653111
  24  0.7000    0.0958     0.4330     0.7188    -0.7188    -0.7812     0.7812     0.4330101     0.0000001     0.2678539    -2.4107062     0.0228410    -1.1099783    -2.1319705     0.0000221     0.0000039     0.0000391     0.6666664
  25  0.7000    0.1000     0.4615     0.7926    -0.7908    -0.8072     0.8071     0.4615479     0.0002791     0.3046027    -2.4463565     4.2017104    -1.1099726    -2.1360829     0.0000234     0.0000156     0.0000495     0.6654956
  26  0.7000    0.1042     0.4724     0.8140    -0.8196    -0.8196     0.8196     0.4723868     0.0001116     0.3188963    -2.5210008    33.4201575    -1.1099783    -2.1912816     0.0000117     0.0000195     0.0000391     0.6661812
  27  0.7000    0.1083     0.5054     0.8766    -0.8750    -0.8750     0.8750     0.5054066     0.0000003     0.3649087    -2.4835627     0.2660924    -1.1099812    -2.1155628     0.0000195     0.0000039     0.0000339     0.6666655
  28  0.7000    0.1125     0.5454     0.9447    -0.9447    -0.9447     0.9447     0.5454107     0.0007459     0.4257070    -2.5153762     2.1557588    -1.1099812    -2.1032273     0.0000143     0.0000104     0.0000339     0.6644446
  29  0.7000    0.1167     0.5602     0.9748    -0.9688    -0.9687     0.9688     0.5601824     0.0000003     0.4482921    -2.5465217     0.3828083    -1.1099971    -2.1066571     0.0000026     0.0000000     0.0000052     0.6666657
  30  0.7000    0.1208     0.5593     0.9688    -0.9688    -0.9688     0.9687     0.5593077     0.0000000     0.4468930    -2.5534447     0.0004795    -1.1099986    -2.0994869     0.0000000     0.0000026     0.0000026     0.6666667
  31  0.7000    0.1250     0.5683     0.9944    -0.9809    -0.9808     0.9808     0.5682502     0.0001327     0.4614303    -2.5909684     3.5829976    -1.1099841    -2.1118837     0.0000156     0.0000065     0.0000286     0.6662804
  32  0.7000    0.1292     0.5773     1.0000    -1.0000    -1.0000     1.0000     0.5773461     0.0000000     0.4761837    -2.5954029     0.0044651    -1.1099885    -2.0944871     0.0000117     0.0000065     0.0000208     0.6666666
  33  0.7000    0.1333     0.5785     1.0078    -1.0000    -1.0000     1.0000     0.5784741     0.0000000     0.4780462    -2.6219115     0.0057950    -1.1099957    -2.1027020     0.0000052     0.0000000     0.0000078     0.6666666
  34  0.7000    0.1375     0.5773     1.0000    -1.0000    -1.0000     1.0000     0.5773469     0.0000000     0.4761849    -2.6277264     0.0035306    -1.1099913    -2.0944928     0.0000117     0.0000026     0.0000156     0.6666666
  35  0.7000    0.1417     0.5773     1.0000    -1.0000    -1.0000     1.0000     0.5773488     0.0000000     0.4761880    -2.6438927     0.0019778    -1.1099942    -2.0944987     0.0000104     0.0000000     0.0000104     0.6666667
  36  0.7000    0.1458     0.5773     1.0000    -1.0000    -1.0000     1.0000     0.5773495     0.0000000     0.4761892    -2.6600575     0.0009963    -1.1099971    -2.0945042     0.0000026     0.0000026     0.0000052     0.6666667
  37  0.7000    0.1500     0.5773     1.0000    -1.0000    -1.0000     1.0000     0.5773484     0.0000000     0.4761874    -2.6762093     0.0022640    -1.1099942    -2.0944984     0.0000039     0.0000026     0.0000104     0.6666667
  38  0.7000    0.1542     0.5773     1.0000    -1.0000    -1.0000     1.0000     0.5773484     0.0000000     0.4761874    -2.6923678     0.0022826    -1.1099942    -2.0944984     0.0000065     0.0000000     0.0000104     0.6666667
  39  0.7000    0.1583     0.5773     1.0000    -1.0000    -1.0000     1.0000     0.5773484     0.0000000     0.4761874    -2.7085241     0.0025394    -1.1099928    -2.0944960     0.0000104     0.0000026     0.0000130     0.6666667
  40  0.7000    0.1625     0.5773     1.0000    -1.0000    -1.0000     1.0000     0.5773491     0.0000000     0.4761886    -2.7246890     0.0015349    -1.1099957    -2.0945014     0.0000078     0.0000000     0.0000078     0.6666667
  41  0.7000    0.1667     0.5773     1.0000    -1.0000    -1.0000     1.0000     0.5773484     0.0000000     0.4761874    -2.7408413     0.0025737    -1.1099928    -2.0944960     0.0000052     0.0000000     0.0000130     0.6666667
  42  0.7000    0.1708     0.5773     1.0000    -1.0000    -1.0000     1.0000     0.5773488     0.0000000     0.4761880    -2.7570056     0.0018401    -1.1099957    -2.0945011     0.0000013     0.0000039     0.0000078     0.6666667
  43  0.7000    0.1750     0.5773     1.0000    -1.0000    -1.0000     1.0000     0.5773484     0.0000000     0.4761874    -2.7731610     0.0023768    -1.1099942    -2.0944984     0.0000039     0.0000065     0.0000104     0.6666667
  44  0.7000    0.1792     0.5774     1.0006    -1.0000    -1.0000     1.0000     0.5774296     0.0000001     0.4763214    -2.7900884     0.1372609    -1.1099913    -2.0950878     0.0000078     0.0000026     0.0000156     0.6666663
  45  0.7000    0.1833     0.5774     1.0000    -1.0000    -1.0000     1.0000     0.5773503    -0.0000000     0.4761905    -2.8054918     0.0000000    -1.1100000    -2.0945096     0.0000000     0.0000000     0.0000000     0.6666667
  46  0.7000    0.1875     0.5789     1.0107    -1.0000    -1.0000     1.0000     0.5788902     0.0000008     0.4787350    -2.8363555     0.9104834    -1.1100000    -2.1057350     0.0000000     0.0000000     0.0000000     0.6666644
  47  0.7000    0.1917     0.5773     1.0000    -1.0000    -1.0000     1.0000     0.5773495     0.0000000     0.4761892    -2.8378028     0.0010723    -1.1099971    -2.0945042     0.0000026     0.0000000     0.0000052     0.6666667
  48  0.7000    0.1958     0.5773     1.0000    -1.0000    -1.0000     1.0000     0.5773491     0.0000000     0.4761886    -2.8539582     0.0016185    -1.1099957    -2.0945014     0.0000026     0.0000026     0.0000078     0.6666667
  49  0.7000    0.2000     0.5773     1.0000    -1.0000    -1.0000     1.0000     0.5773484     0.0000000     0.4761874    -2.8701128     0.0024926    -1.1099942    -2.0944984     0.0000091     0.0000000     0.0000104     0.6666667
  50  0.7000    0.2042     0.5773     1.0000    -1.0000    -1.0000     1.0000     0.5773499     0.0000000     0.4761898    -2.8862821     0.0005469    -1.1099986    -2.0945069     0.0000000     0.0000026     0.0000026     0.6666667
  51  0.7000    0.2083     0.5773     1.0000    -1.0000    -1.0000     1.0000     0.5773499     0.0000000     0.4761898    -2.9024408     0.0005505    -1.1099986    -2.0945069     0.0000026     0.0000000     0.0000026     0.6666667
  52  0.7000    0.2125     0.5780     1.0042    -1.0000    -1.0000     1.0000     0.5779562     0.0000005     0.4771910    -2.9244917     0.5220351    -1.1099942    -2.0989264     0.0000104     0.0000000     0.0000104     0.6666654
  53  0.7000    0.2167     0.5786     1.0085    -1.0000    -1.0000     1.0000     0.5785779     0.0000010     0.4782186    -2.9476622     1.4802894    -1.1100000    -2.1043962     0.0000000     0.0000000     0.0000000     0.6666640
  54  0.7000    0.2208     0.5773     1.0000    -1.0000    -1.0000     1.0000     0.5773499     0.0000000     0.4761898    -2.9509168     0.0005612    -1.1099986    -2.0945069     0.0000026     0.0000000     0.0000026     0.6666667
  55  0.7000    0.2250     0.5774     1.0000    -1.0000    -1.0000     1.0000     0.5773503    -0.0000000     0.4761905    -2.9670787     0.0000000    -1.1100000    -2.0945096     0.0000000     0.0000000     0.0000000     0.6666667
  56  0.7000    0.2292     0.5783     1.0063    -1.0000    -1.0000     1.0000     0.5782535     0.0000003     0.4776819    -2.9921212     0.3398095    -1.1099986    -2.1010987     0.0000026     0.0000000     0.0000026     0.6666658
  57  0.7000    0.2333     0.5799     1.0179    -1.0000    -1.0000     1.0000     0.5799356     0.0000014     0.4804660    -3.0248793     1.6304612    -1.1099971    -2.1133548     0.0000026     0.0000000     0.0000052     0.6666628
  58  0.7000    0.2375     0.5781     1.0054    -1.0000    -1.0000     1.0000     0.5781280     0.0000004     0.4774746    -3.0232424     0.4632209    -1.1099986    -2.1001785     0.0000000     0.0000026     0.0000026     0.6666656
  59  0.7000    0.2417     0.5773     1.0000    -1.0000    -1.0000     1.0000     0.5773491     0.0000000     0.4761886    -3.0317034     0.0017369    -1.1099957    -2.0945014     0.0000052     0.0000000     0.0000078     0.6666667
  60  0.7000    0.2458     0.5773     1.0000    -1.0000    -1.0000     1.0000     0.5773495     0.0000000     0.4761892    -3.0478655     0.0011657    -1.1099971    -2.0945042     0.0000026     0.0000026     0.0000052     0.6666667
  61  0.7000    0.2500     0.5773     1.0000    -1.0000    -1.0000     1.0000     0.5773491     0.0000000     0.4761886    -3.0640208     0.0017589    -1.1099957    -2.0945014     0.0000026     0.0000000     0.0000078     0.6666667
  62  0.7000    0.2500     0.5774     1.0000    -1.0000    -1.0000     1.0000     0.5773503    -0.0000000     0.4761905    -3.0640308     0.0000000    -1.1100000    -2.0945096     0.0000000     0.0000000     0.0000000     0.6666667
  63  0.7000    0.2417     0.5773     1.0000    -1.0000    -1.0000     1.0000     0.5773499     0.0000000     0.4761898    -3.0317100     0.0005794    -1.1099986    -2.0945069     0.0000026     0.0000000     0.0000026     0.6666667
  64  0.7000    0.2333     0.5773     1.0000    -1.0000    -1.0000     1.0000     0.5773476     0.0000000     0.4761861    -2.9993729     0.0039965    -1.1099899    -2.0944905     0.0000104     0.0000052     0.0000182     0.6666667
  65  0.7000    0.2250     0.5773     1.0000    -1.0000    -1.0000     1.0000     0.5773499     0.0000000     0.4761898    -2.9670753     0.0005648    -1.1099986    -2.0945069     0.0000026     0.0000000     0.0000026     0.6666667
  66  0.7000    0.2167     0.5783     1.0064    -1.0000    -1.0000     1.0000     0.5782772     0.0000003     0.4777210    -2.9437955     0.3065200    -1.1099942    -2.1012663     0.0000052     0.0000000     0.0000104     0.6666659
  67  0.7000    0.2083     0.5777     1.0024    -1.0000    -1.0000     1.0000     0.5776931     0.0000004     0.4767565    -2.9057657     0.4400275    -1.1099986    -2.0970084     0.0000026     0.0000000     0.0000026     0.6666656
  68  0.7000    0.2000     0.5786     1.0084    -1.0000    -1.0000     1.0000     0.5785565     0.0000010     0.4781832    -2.8817471     1.0754828    -1.1099942    -2.1033020     0.0000026     0.0000026     0.0000104     0.6666640
  69  0.7000    0.1917     0.5783     1.0064    -1.0000    -1.0000     1.0000     0.5782798     0.0000003     0.4777253    -2.8467145     0.2946530    -1.1099986    -2.1012878     0.0000013     0.0000000     0.0000026     0.6666659
  70  0.7000    0.1833     0.5773     1.0000    -1.0000    -1.0000     1.0000     0.5773488     0.0000000     0.4761880    -2.8054791     0.0021151    -1.1099942    -2.0944987     0.0000026     0.0000052     0.0000104     0.6666667
  71  0.7000    0.1750     0.5783     1.0065    -1.0000    -1.0000     1.0000     0.5782937     0.0000002     0.4777483    -2.7821049     0.2702518    -1.1099971    -2.1013868     0.0000000     0.0000052     0.0000052     0.6666660
  72  0.7000    0.1667     0.5773     1.0000    -1.0000    -1.0000     1.0000     0.5773484     0.0000000     0.4761874    -2.7408413     0.0025737    -1.1099928    -2.0944960     0.0000052     0.0000052     0.0000130     0.6666667
  73  0.7000    0.1583     0.5773     1.0000    -1.0000    -1.0000     1.0000     0.5773439     0.0000000     0.4761800    -2.7085156     0.0053100    -1.1099913    -2.0944923     0.0000065     0.0000052     0.0000156     0.6666665
  74  0.7000    0.1500     0.5773     1.0000    -1.0000    -1.0000     1.0000     0.5773484     0.0000000     0.4761874    -2.6762147     0.0015761    -1.1099971    -2.0945039     0.0000013     0.0000026     0.0000052     0.6666666
  75  0.7000    0.1417     0.5773     1.0000    -1.0000    -1.0000     1.0000     0.5773495     0.0000000     0.4761892    -2.6438988     0.0009896    -1.1099971    -2.0945042     0.0000000     0.0000026     0.0000052     0.6666667
  76  0.7000    0.1333     0.5780     1.0044    -1.0000    -1.0000     1.0000     0.5779817     0.0000014     0.4772341    -2.6174184     1.4149051    -1.1099885    -2.0991370     0.0000065     0.0000091     0.0000208     0.6666627
  77  0.7000    0.1250     0.5773     1.0000    -1.0000    -1.0000     1.0000     0.5773495     0.0000000     0.4761892    -2.5792641     0.0009627    -1.1099971    -2.0945042     0.0000052     0.0000000     0.0000052     0.6666667
  78  0.7000    0.1167     0.5773     1.0000    -1.0000    -1.0000     1.0000     0.5773491     0.0000000     0.4761886    -2.5469438     0.0014237    -1.1099957    -2.0945014     0.0000026     0.0000000     0.0000078     0.6666667
  79  0.7000    0.1083     0.5596     0.9748    -0.9673    -0.9673     0.9673     0.5595501     0.0000564     0.4473369    -2.5160882     0.1202589    -1.1099682    -2.1078337     0.0000195     0.0000156     0.0000573     0.6665000
  80  0.7000    0.1000     0.5621     0.9736    -0.9736    -0.9736     0.9736     0.5620993     0.0000609     0.4514262    -2.4764735     0.1182002    -1.1099754    -2.0989092     0.0000169     0.0000130     0.0000443     0.6664828
  81  0.7000    0.0917     0.5678     0.9834    -0.9834    -0.9834     0.9834     0.5677838     0.0001159     0.4606564    -2.4469052     0.1519834    -1.1099740    -2.0973045     0.0000195     0.0000169     0.0000469     0.6663307
  82  0.7000    0.0833     0.5241     0.9078    -0.9078    -0.9078     0.9078     0.5241126     0.0003804     0.3928005    -2.4119354     0.8127983    -1.1099682    -2.1185616     0.0000273     0.0000182     0.0000573     0.6653394
  83  0.7000    0.0750     0.4609     0.7809    -0.7968    -0.7969     0.8185     0.4608774     0.0006654     0.3041054    -2.3734642     0.9297769    -1.1099624    -2.1404796     0.0000352     0.0000169     0.0000677     0.6637750
  84  0.7000    0.0667     0.4220     0.6783    -0.7308    -0.7309     0.7834     0.4219750     0.0002579     0.2546335    -2.3232705     0.2396644    -1.1099769    -2.1343090     0.0000143     0.0000039     0.0000417     0.6653499
  85  0.7000    0.0583     0.2926     0.5068    -0.5068    -0.5068     0.5068     0.2925993     0.0001471     0.1224533    -2.2759216     0.1085178    -1.1099653    -2.1612732     0.0000234     0.0000143     0.0000625     0.6649270
  86  0.7000    0.0500     0.2765     0.4676    -0.4791    -0.4743     0.4944     0.2764707     0.0000735     0.1092679    -2.2823608     7.8398711    -1.1099451    -2.1882567     0.0000391     0.0000195     0.0000990     0.6657453
  87  0.7000    0.0417     0.2108     0.3831    -0.3506    -0.3796     0.3471     0.2107870     0.0021286     0.0656016    -2.2552754     0.7671029    -1.1099263    -2.1962811     0.0000573     0.0000260     0.0001328     0.6190266
  88  0.7000    0.0333     0.1849     0.3101    -0.3944    -0.2413     0.3351     0.1848701     0.0000652     0.0488894    -2.2485483     6.0864788    -1.1099277    -2.2057980     0.0000664     0.0000234     0.0001302     0.6647788
  89  0.7000    0.0250     0.1382     0.2653    -0.2501    -0.2267     0.2153     0.1382040     0.0003347     0.0276209    -2.2260447     0.3394508    -1.1099595    -2.2022886     0.0000299     0.0000130     0.0000729     0.6523142
  90  0.7000    0.0167     0.0930     0.1746    -0.1533    -0.1701     0.1465     0.0930395     0.0004280     0.0127942    -2.2027606     2.9874641    -1.1098642    -2.1926616     0.0000859     0.0000430     0.0002448     0.6178260
  91  0.7000    0.0083     0.0718     0.1217    -0.1205    -0.1247     0.1304     0.0718008     0.0004083     0.0077731    -2.1978852     0.5919891    -1.1099335    -2.1928667     0.0000482     0.0000104     0.0001198     0.6020227
  92  0.7000   -0.0000     0.0275     0.0541    -0.0251    -0.0703     0.0413     0.0275493     0.0001166     0.0012008    -2.1859839     0.2820849    -1.1099292    -2.1859839     0.0000469     0.0000182     0.0001276     0.5537132
