 #(1), T(2), Hm(3), mag(4), magsr1(5), magsr2(6),   magsr3(7), magsr4(8), maghp(9), chi(10), chi0(11), ENERP(12),     CV(13), EnthalpyNN(14), EwEnthalpy(15),                            NMonop(-1,1)(16), NMonop(1,1)(17), Numontot(18), Ul(19)
   1  1.9000    0.0000     0.0176     0.0103    -0.0016     0.0011    -0.0013     0.0013776     0.0000994     0.0002617    -1.9865538     2.5663196    -1.0032059    -1.9854261     0.0725651     0.0241439     0.1923438    -0.0643407
   2  1.9000    0.0080     0.0217     0.0213    -0.0210    -0.0285     0.0242     0.0137046     0.0001354     0.0003842    -1.9568807     3.2662221    -1.0029746    -1.9568857     0.0734115     0.0248177     0.1927669     0.1097713
   3  1.9000    0.0160     0.0333     0.0505    -0.0536    -0.0540     0.0582     0.0312158     0.0002224     0.0008046    -1.9662567     2.7542690    -1.0030650    -1.9629019     0.0741829     0.0257552     0.1926237     0.2727265
   4  1.9000    0.0240     0.0468     0.0834    -0.0799    -0.0807     0.0781     0.0464840     0.0002742     0.0014279    -1.9559620     2.6219755    -1.0032348    -1.9484683     0.0756608     0.0269401     0.1923112     0.4193483
   5  1.9000    0.0320     0.0592     0.0975    -0.1011    -0.1069     0.1042     0.0591314     0.0002484     0.0020932    -1.9952643     2.5663110    -1.0038816    -1.9836819     0.0759993     0.0275911     0.1911654     0.5147016
   6  1.9000    0.0400     0.0762     0.1296    -0.1312    -0.1369     0.1301     0.0761634     0.0003102     0.0033633    -1.9835659     2.5532078    -1.0047704    -1.9641339     0.0755241     0.0288314     0.1895703     0.5442469
   7  1.9000    0.0480     0.0918     0.1584    -0.1565    -0.1614     0.1595     0.0917709     0.0002998     0.0047323    -1.9945929     2.9320696    -1.0042899    -1.9650044     0.0771452     0.0298893     0.1903971     0.5838560
   8  1.9000    0.0560     0.1062     0.1856    -0.1861    -0.1822     0.1820     0.1062122     0.0002902     0.0062276    -1.9965611     2.9426989    -1.0045392    -1.9566090     0.0774414     0.0308366     0.1899740     0.6066339
   9  1.9000    0.0640     0.1232     0.2147    -0.2147    -0.2119     0.2125     0.1232329     0.0002554     0.0082482    -2.0021482     2.8087324    -1.0051318    -1.9491716     0.0782487     0.0313411     0.1889128     0.6252850
  10  1.9000    0.0720     0.1389     0.2406    -0.2394    -0.2418     0.2404     0.1388930     0.0003264     0.0104797    -2.0472248     2.9524458    -1.0059303    -1.9800524     0.0782910     0.0317220     0.1874284     0.6254446
  11  1.9000    0.0800     0.1536     0.2673    -0.2662    -0.2656     0.2651     0.1536105     0.0003110     0.0127301    -2.0316188     3.0532900    -1.0061435    -1.9490742     0.0797526     0.0323275     0.1870768     0.6348302
  12  1.9000    0.0880     0.1715     0.2949    -0.3003    -0.2968     0.2966     0.1715465     0.0003143     0.0158028    -2.0578182     3.2272716    -1.0063494    -1.9569988     0.0788021     0.0340234     0.1866927     0.6401704
  13  1.9000    0.0960     0.1866     0.3213    -0.3212    -0.3250     0.3254     0.1865995     0.0002798     0.0186058    -2.0908282     3.1206239    -1.0075237    -1.9705022     0.0797786     0.0336816     0.1845964     0.6464312
  14  1.9000    0.1040     0.2036     0.3517    -0.3550    -0.3509     0.3532     0.2036306     0.0003244     0.0221483    -2.1285287     3.4522702    -1.0087559    -1.9862780     0.0792676     0.0345247     0.1824023     0.6468101
  15  1.9000    0.1120     0.2211     0.3832    -0.3834    -0.3826     0.3826     0.2211005     0.0003088     0.0260379    -2.1160862     3.1794817    -1.0097026    -1.9497503     0.0795703     0.0346712     0.1806576     0.6511294
  16  1.9000    0.1200     0.2401     0.4190    -0.4152    -0.4163     0.4131     0.2401397     0.0003115     0.0306626    -2.1627017     3.3952762    -1.0117188    -1.9691383     0.0791992     0.0348340     0.1770378     0.6531631
  17  1.9000    0.1280     0.2587     0.4512    -0.4467    -0.4489     0.4456     0.2587213     0.0003413     0.0355711    -2.1751554     3.7047761    -1.0119175    -1.9524016     0.0791602     0.0359668     0.1766927     0.6541648
  18  1.9000    0.1360     0.2754     0.4818    -0.4756    -0.4757     0.4752     0.2754451     0.0003065     0.0402380    -2.2078287     3.9556020    -1.0131532    -1.9553938     0.0794792     0.0354785     0.1744531     0.6565772
  19  1.9000    0.1440     0.2931     0.5064    -0.5087    -0.5076     0.5083     0.2931443     0.0003291     0.0455573    -2.2361317     3.8768891    -1.0156067    -1.9525867     0.0772689     0.0358724     0.1700521     0.6570146
  20  1.9000    0.1520     0.3132     0.5407    -0.5407    -0.5439     0.5442     0.3131552     0.0003629     0.0519767    -2.2722181     4.1375882    -1.0172290    -1.9524898     0.0776172     0.0357096     0.1671224     0.6573969
  21  1.9000    0.1600     0.3300     0.5739    -0.5719    -0.5694     0.5711     0.3300152     0.0003356     0.0576567    -2.3230890     4.5497784    -1.0192488    -1.9679017     0.0763607     0.0354980     0.1634896     0.6589126
  22  1.9000    0.1680     0.3501     0.6065    -0.6084    -0.6044     0.6060     0.3500656     0.0003216     0.0648195    -2.3498733     4.3885325    -1.0212795    -1.9548373     0.0750618     0.0351009     0.1598372     0.6599512
  23  1.9000    0.1760     0.3672     0.6368    -0.6363    -0.6357     0.6354     0.3672282     0.0003341     0.0713113    -2.3970392     4.9415273    -1.0242460    -1.9629023     0.0731478     0.0347005     0.1544922     0.6604012
  24  1.9000    0.1840     0.3890     0.6734    -0.6746    -0.6734     0.6737     0.3890038     0.0003795     0.0800237    -2.4480448     5.2072160    -1.0276859    -1.9672612     0.0702181     0.0339030     0.1482747     0.6604097
  25  1.9000    0.1920     0.4081     0.7081    -0.7080    -0.7054     0.7056     0.4080571     0.0003876     0.0880247    -2.4886591     5.4308234    -1.0302260    -1.9623994     0.0690983     0.0332064     0.1437240     0.6607915
  26  1.9000    0.2000     0.4278     0.7450    -0.7412    -0.7383     0.7396     0.4278312     0.0003376     0.0966742    -2.5444426     5.6592709    -1.0333659    -1.9696908     0.0668555     0.0319401     0.1380599     0.6620308
  27  1.9000    0.2080     0.4451     0.7706    -0.7720    -0.7701     0.7708     0.4450502     0.0003511     0.1045983    -2.5911064     6.0700242    -1.0371382    -1.9693070     0.0633854     0.0313867     0.1312695     0.6622160
  28  1.9000    0.2160     0.4675     0.8103    -0.8101    -0.8094     0.8095     0.4675456     0.0003091     0.1153612    -2.6556657     6.2494375    -1.0432880    -1.9773128     0.0586751     0.0284408     0.1201823     0.6631250
  29  1.9000    0.2240     0.4822     0.8341    -0.8359    -0.8348     0.8359     0.4821786     0.0002782     0.1226446    -2.7070128     6.0648489    -1.0468688    -1.9815186     0.0552962     0.0271517     0.1137240     0.6636730
  30  1.9000    0.2320     0.4980     0.8624    -0.8631    -0.8620     0.8629     0.4980153     0.0002710     0.1308074    -2.7647743     6.5305820    -1.0517575    -1.9886905     0.0517546     0.0255208     0.1049284     0.6639597
  31  1.9000    0.2400     0.5134     0.8890    -0.8889    -0.8892     0.8897     0.5133794     0.0002482     0.1389631    -2.8388878     7.0153287    -1.0562705    -2.0112742     0.0480306     0.0232259     0.0967969     0.6643199
  32  1.9000    0.2480     0.5253     0.9106    -0.9102    -0.9093     0.9091     0.5252685     0.0001849     0.1453991    -2.8774294     5.8251118    -1.0610328    -2.0024236     0.0438249     0.0217806     0.0882227     0.6649930
  33  1.9000    0.2560     0.5327     0.9228    -0.9226    -0.9224     0.9226     0.5326620     0.0001517     0.1494826    -2.9248283     5.2636750    -1.0648232    -2.0088829     0.0405404     0.0204264     0.0813997     0.6653390
  34  1.9000    0.2640     0.5423     0.9405    -0.9386    -0.9400     0.9381     0.5423211     0.0001241     0.1549200    -2.9778396     4.8968509    -1.0691591    -2.0161423     0.0365820     0.0183984     0.0735742     0.6656164
  35  1.9000    0.2720     0.5480     0.9497    -0.9482    -0.9500     0.9489     0.5480101     0.0000937     0.1581542    -3.0239730     4.2975794    -1.0727977    -2.0227394     0.0335189     0.0166243     0.0670182     0.6658907
  36  1.9000    0.2800     0.5522     0.9563    -0.9560    -0.9568     0.9563     0.5521523     0.0000764     0.1605354    -3.0652399     4.1343151    -1.0750777    -2.0267677     0.0312272     0.0157292     0.0629102     0.6660412
  37  1.9000    0.2880     0.5558     0.9632    -0.9624    -0.9626     0.9624     0.5557870     0.0000615     0.1626400    -3.1062604     3.5807129    -1.0774877    -2.0310861     0.0295215     0.0145020     0.0585807     0.6661703
  38  1.9000    0.2960     0.5589     0.9679    -0.9676    -0.9677     0.9690     0.5588993     0.0000460     0.1644504    -3.1480660     3.0653204    -1.0804000    -2.0368379     0.0273698     0.0125358     0.0533333     0.6662989
  39  1.9000    0.3040     0.5613     0.9717    -0.9719    -0.9726     0.9724     0.5612673     0.0000385     0.1658391    -3.1865675     3.0121384    -1.0823873    -2.0404708     0.0246387     0.0122233     0.0497396     0.6663605
  40  1.9000    0.3120     0.5632     0.9755    -0.9749    -0.9761     0.9752     0.5631674     0.0000327     0.1669577    -3.2241905     2.7592149    -1.0841109    -2.0439513     0.0231315     0.0116992     0.0466471     0.6664085
  41  1.9000    0.3200     0.5650     0.9791    -0.9789    -0.9786     0.9776     0.5649660     0.0000251     0.1680180    -3.2611922     2.4036558    -1.0856176    -2.0468244     0.0215495     0.0113704     0.0439323     0.6664698
  42  1.9000    0.3280     0.5661     0.9806    -0.9806    -0.9806     0.9805     0.5661321     0.0000230     0.1687101    -3.2979970     2.3363424    -1.0875904    -2.0507007     0.0201270     0.0102246     0.0403776     0.6664872
  43  1.9000    0.3360     0.5672     0.9825    -0.9824    -0.9827     0.9823     0.5672307     0.0000172     0.1693596    -3.3321610     2.1474654    -1.0882155    -2.0519636     0.0195313     0.0097526     0.0392513     0.6665327
  44  1.9000    0.3440     0.5679     0.9837    -0.9838    -0.9841     0.9832     0.5679411     0.0000154     0.1697823    -3.3670811     1.8289218    -1.0896464    -2.0547615     0.0178060     0.0096582     0.0366732     0.6665468
  45  1.9000    0.3520     0.5688     0.9847    -0.9854    -0.9850     0.9857     0.5688075     0.0000128     0.1702980    -3.4013928     1.7625143    -1.0905569    -2.0565054     0.0175000     0.0083366     0.0350326     0.6665674
  46  1.9000    0.3600     0.5692     0.9859    -0.9860    -0.9860     0.9859     0.5692397     0.0000117     0.1705558    -3.4342865     1.7512350    -1.0911712    -2.0577883     0.0168815     0.0084733     0.0339258     0.6665759
  47  1.9000    0.3680     0.5702     0.9879    -0.9879    -0.9874     0.9874     0.5702057     0.0000102     0.1711337    -3.4704918     1.6318140    -1.0928369    -2.0610168     0.0154232     0.0078971     0.0309245     0.6665875
  48  1.9000    0.3760     0.5708     0.9885    -0.9886    -0.9888     0.9886     0.5707837     0.0000090     0.1714795    -3.5040484     1.5538492    -1.0935198    -2.0624732     0.0147005     0.0073991     0.0296940     0.6665973
  49  1.9000    0.3840     0.5709     0.9890    -0.9888    -0.9890     0.9888     0.5709302     0.0000093     0.1715679    -3.5357342     1.6002726    -1.0938559    -2.0631091     0.0145182     0.0073861     0.0290885     0.6665951
  50  1.9000    0.3920     0.5715     0.9897    -0.9897    -0.9897     0.9901     0.5714762     0.0000076     0.1718944    -3.5699455     1.4298359    -1.0949146    -2.0652031     0.0138053     0.0065495     0.0271810     0.6666083
  51  1.9000    0.4000     0.5720     0.9907    -0.9911    -0.9907     0.9906     0.5720212     0.0000062     0.1722211    -3.6039907     1.2932502    -1.0958649    -2.0670749     0.0124870     0.0065723     0.0254622     0.6666186
  52  1.9000    0.4080     0.5731     0.9966    -0.9913    -0.9912     0.9912     0.5730681     0.0000059     0.1728517    -3.6452393     1.2927396    -1.0964574    -2.0739343     0.0121322     0.0060514     0.0243880     0.6666213
  53  1.9000    0.4160     0.5725     0.9920    -0.9918    -0.9914     0.9914     0.5725446     0.0000051     0.1725353    -3.6686145     1.1555819    -1.0967031    -2.0687595     0.0120573     0.0062174     0.0239583     0.6666273
  54  1.9000    0.4240     0.5730     0.9931    -0.9922    -0.9921     0.9922     0.5729591     0.0000052     0.1727852    -3.7027304     1.2245229    -1.0973427    -2.0708225     0.0115495     0.0056673     0.0228060     0.6666269
  55  1.9000    0.4320     0.5732     0.9926    -0.9929    -0.9931     0.9927     0.5732109     0.0000045     0.1729365    -3.7347241     1.1311614    -1.0980364    -2.0714029     0.0104427     0.0055664     0.0215560     0.6666320
  56  1.9000    0.4400     0.5733     0.9930    -0.9931    -0.9932     0.9929     0.5733321     0.0000044     0.1730096    -3.7665657     1.1246989    -1.0983797    -2.0720840     0.0102344     0.0054460     0.0209245     0.6666326
  57  1.9000    0.4480     0.5736     0.9936    -0.9934    -0.9935     0.9937     0.5736244     0.0000038     0.1731853    -3.7998951     1.0286442    -1.0992469    -2.0737252     0.0098665     0.0047461     0.0193750     0.6666376
  58  1.9000    0.4560     0.5739     0.9942    -0.9939    -0.9938     0.9940     0.5738856     0.0000034     0.1733427    -3.8321149     0.9681588    -1.0995070    -2.0743203     0.0097331     0.0047005     0.0189062     0.6666406
  59  1.9000    0.4640     0.5740     0.9940    -0.9942    -0.9944     0.9941     0.5739786     0.0000031     0.1733986    -3.8640328     0.8785623    -1.0999551    -2.0751099     0.0088379     0.0045833     0.0180990     0.6666430
  60  1.9000    0.4720     0.5742     0.9946    -0.9943    -0.9942     0.9949     0.5741666     0.0000032     0.1735122    -3.8963588     0.9402791    -1.1003742    -2.0759964     0.0091667     0.0040072     0.0173438     0.6666425
  61  1.9000    0.4800     0.5743     0.9950    -0.9948    -0.9946     0.9948     0.5743413     0.0000028     0.1736175    -3.9286660     0.8571739    -1.1008440    -2.0768865     0.0084049     0.0041048     0.0164974     0.6666455
  62  1.9000    0.4880     0.5745     0.9950    -0.9951    -0.9950     0.9951     0.5744926     0.0000024     0.1737086    -3.9606540     0.7305863    -1.1011547    -2.0775155     0.0079688     0.0039616     0.0159375     0.6666486
  63  1.9000    0.4960     0.5747     0.9953    -0.9955    -0.9953     0.9955     0.5746843     0.0000025     0.1738247    -3.9931154     0.8495767    -1.1016461    -2.0784672     0.0075651     0.0036361     0.0150456     0.6666473
  64  1.9000    0.5040     0.5747     0.9955    -0.9955    -0.9954     0.9952     0.5746984     0.0000024     0.1738330    -4.0240728     0.7991492    -1.1016642    -2.0784956     0.0074089     0.0039486     0.0150130     0.6666486
  65  1.9000    0.5120     0.5749     0.9959    -0.9955    -0.9958     0.9959     0.5749146     0.0000021     0.1739636    -4.0566310     0.7625686    -1.1021303    -2.0794282     0.0073470     0.0034342     0.0141797     0.6666505
  66  1.9000    0.5200     0.5754     0.9986    -0.9961    -0.9960     0.9960     0.5754229     0.0000021     0.1742713    -4.0933265     0.7677190    -1.1024591    -2.0830492     0.0066764     0.0033040     0.0135872     0.6666507
  67  1.9000    0.5280     0.5751     0.9962    -0.9962    -0.9961     0.9960     0.5751298     0.0000018     0.1740935    -4.1203684     0.6722181    -1.1027373    -2.0806147     0.0064909     0.0034180     0.0130859     0.6666529
  68  1.9000    0.5360     0.5752     0.9962    -0.9964    -0.9964     0.9962     0.5752162     0.0000019     0.1741459    -4.1521369     0.7131936    -1.1030264    -2.0811669     0.0060807     0.0032259     0.0125651     0.6666522
  69  1.9000    0.5440     0.5753     0.9963    -0.9965    -0.9964     0.9967     0.5753196     0.0000017     0.1742083    -4.1840028     0.6453701    -1.1033263    -2.0817448     0.0060840     0.0027832     0.0120182     0.6666540
  70  1.9000    0.5520     0.5754     0.9966    -0.9967    -0.9967     0.9966     0.5754182     0.0000015     0.1742679    -4.2159622     0.6037937    -1.1036840    -2.0824228     0.0055990     0.0028158     0.0113802     0.6666550
  71  1.9000    0.5600     0.5756     0.9979    -0.9967    -0.9967     0.9966     0.5756156     0.0000016     0.1743876    -4.2492732     0.6695782    -1.1037057    -2.0838780     0.0055241     0.0028353     0.0113411     0.6666543
  72  1.9000    0.5680     0.5756     0.9967    -0.9971    -0.9968     0.9970     0.5755630     0.0000013     0.1743553    -4.2790897     0.5298705    -1.1040706    -2.0831567     0.0052441     0.0024870     0.0106836     0.6666570
  73  1.9000    0.5760     0.5756     0.9967    -0.9972    -0.9972     0.9970     0.5756278     0.0000013     0.1743947    -4.3106140     0.5730533    -1.1042477    -2.0835012     0.0048405     0.0026530     0.0103646     0.6666564
  74  1.9000    0.5840     0.5756     0.9969    -0.9969    -0.9970     0.9970     0.5755836     0.0000014     0.1743680    -4.3411326     0.5782759    -1.1041068    -2.0832610     0.0053483     0.0026009     0.0106185     0.6666562
  75  1.9000    0.5920     0.5757     0.9971    -0.9972    -0.9969     0.9973     0.5756964     0.0000013     0.1744362    -4.3731061     0.5629895    -1.1044211    -2.0838565     0.0051237     0.0023633     0.0100521     0.6666568
  76  1.9000    0.6000     0.5759     0.9976    -0.9975    -0.9975     0.9974     0.5758984     0.0000011     0.1745584    -4.4060084     0.4915903    -1.1050137    -2.0850085     0.0044564     0.0023470     0.0089844     0.6666585
  77  1.9000    0.6080     0.5759     0.9976    -0.9975    -0.9975     0.9975     0.5759078     0.0000010     0.1745641    -4.4370815     0.4810039    -1.1050643    -2.0850967     0.0045345     0.0021582     0.0088932     0.6666588
  78  1.9000    0.6160     0.5760     0.9975    -0.9977    -0.9976     0.9978     0.5760093     0.0000010     0.1746256    -4.4690176     0.4677620    -1.1053533    -2.0856655     0.0041829     0.0019922     0.0083724     0.6666591
  79  1.9000    0.6240     0.5760     0.9976    -0.9978    -0.9977     0.9976     0.5760037     0.0000011     0.1746223    -4.5000809     0.5074822    -1.1054328    -2.0858000     0.0039941     0.0020703     0.0082292     0.6666582
  80  1.9000    0.6320     0.5760     0.9976    -0.9977    -0.9978     0.9977     0.5760328     0.0000010     0.1746399    -4.5312145     0.4877061    -1.1054581    -2.0858574     0.0039974     0.0020573     0.0081836     0.6666589
  81  1.9000    0.6400     0.5761     0.9979    -0.9979    -0.9978     0.9978     0.5761070     0.0000009     0.1746847    -4.5629968     0.4312637    -1.1057291    -2.0863669     0.0038509     0.0019434     0.0076953     0.6666599
  82  1.9000    0.6480     0.5773     1.0056    -0.9981    -0.9979     0.9979     0.5772911     0.0000008     0.1754034    -4.6087666     0.4055520    -1.1058809    -2.0948976     0.0035775     0.0018848     0.0074219     0.6666604
  83  1.9000    0.6560     0.5766     1.0004    -0.9980    -0.9981     0.9981     0.5765572     0.0000010     0.1749579    -4.6303103     0.5432294    -1.1059278    -2.0894176     0.0035807     0.0018262     0.0073372     0.6666591
  84  1.9000    0.6640     0.5762     0.9981    -0.9980    -0.9980     0.9982     0.5762358     0.0000008     0.1747627    -4.6570431     0.4213162    -1.1060218    -2.0869654     0.0037467     0.0016895     0.0071680     0.6666607
  85  1.9000    0.6720     0.5763     0.9980    -0.9981    -0.9982     0.9982     0.5762630     0.0000007     0.1747792    -4.6883221     0.3941674    -1.1061230    -2.0871566     0.0034310     0.0016667     0.0069857     0.6666611
  86  1.9000    0.6800     0.5763     0.9981    -0.9981    -0.9982     0.9983     0.5762790     0.0000008     0.1747889    -4.7194807     0.4133125    -1.1061880    -2.0872759     0.0034863     0.0015755     0.0068685     0.6666608
  87  1.9000    0.6880     0.5764     0.9982    -0.9982    -0.9984     0.9983     0.5763636     0.0000007     0.1748402    -4.7514255     0.3960309    -1.1064987    -2.0878630     0.0031087     0.0015885     0.0063086     0.6666612
  88  1.9000    0.6960     0.5764     0.9985    -0.9984    -0.9982     0.9983     0.5763936     0.0000007     0.1748584    -4.7827210     0.3743120    -1.1065999    -2.0880460     0.0031738     0.0015169     0.0061263     0.6666615
  89  1.9000    0.7040     0.5764     0.9983    -0.9983    -0.9984     0.9985     0.5764181     0.0000006     0.1748732    -4.8138952     0.3685796    -1.1066397    -2.0881314     0.0030729     0.0013867     0.0060547     0.6666618
  90  1.9000    0.7120     0.5764     0.9985    -0.9982    -0.9986     0.9985     0.5764444     0.0000006     0.1748891    -4.8452851     0.3579118    -1.1067986    -2.0884211     0.0029818     0.0013737     0.0057682     0.6666618
  91  1.9000    0.7200     0.5765     0.9986    -0.9986    -0.9986     0.9985     0.5765402     0.0000006     0.1749472    -4.8772496     0.3327170    -1.1070696    -2.0889460     0.0026270     0.0013639     0.0052799     0.6666624
  92  1.9000    0.7280     0.5765     0.9987    -0.9985    -0.9984     0.9986     0.5765177     0.0000006     0.1749335    -4.9079818     0.3307855    -1.1069938    -2.0888071     0.0028385     0.0013704     0.0054167     0.6666623
  93  1.9000    0.7360     0.5766     0.9988    -0.9988    -0.9987     0.9987     0.5766211     0.0000005     0.1749962    -4.9402629     0.3017962    -1.1074165    -2.0895972     0.0023730     0.0011882     0.0046549     0.6666626
  94  1.9000    0.7440     0.5766     0.9986    -0.9987    -0.9988     0.9987     0.5766107     0.0000005     0.1749899    -4.9710013     0.3097517    -1.1073081    -2.0894020     0.0023698     0.0011751     0.0048503     0.6666628
  95  1.9000    0.7520     0.5766     0.9987    -0.9986    -0.9988     0.9988     0.5766004     0.0000005     0.1749837    -5.0018222     0.3123560    -1.1072395    -2.0892901     0.0025456     0.0011751     0.0049740     0.6666629
  96  1.9000    0.7600     0.5766     0.9989    -0.9987    -0.9988     0.9987     0.5766417     0.0000005     0.1750087    -5.0333185     0.3051416    -1.1074021    -2.0895908     0.0024121     0.0012174     0.0046810     0.6666630
  97  1.9000    0.7680     0.5767     0.9989    -0.9988    -0.9988     0.9989     0.5766897     0.0000004     0.1750377    -5.0649221     0.2439339    -1.1076008    -2.0899610     0.0022949     0.0010221     0.0043229     0.6666637
  98  1.9000    0.7760     0.5767     0.9988    -0.9988    -0.9989     0.9989     0.5766821     0.0000004     0.1750332    -5.0957671     0.2702417    -1.1075394    -2.0898557     0.0022331     0.0010677     0.0044336     0.6666635
  99  1.9000    0.7840     0.5767     0.9988    -0.9989    -0.9989     0.9990     0.5767103     0.0000004     0.1750503    -5.1271754     0.2660643    -1.1076875    -2.0901267     0.0020085     0.0009701     0.0041667     0.6666634
 100  1.9000    0.7920     0.5767     0.9989    -0.9988    -0.9990     0.9989     0.5767244     0.0000004     0.1750588    -5.1582257     0.2557990    -1.1076694    -2.0901116     0.0020671     0.0010547     0.0041992     0.6666638
 101  1.9000    0.8000     0.5770     1.0003    -0.9990    -0.9990     0.9991     0.5769866     0.0000004     0.1752181    -5.1927587     0.3077091    -1.1079477    -2.0920506     0.0018229     0.0008496     0.0036979     0.6666633
 102  1.9000    0.8000     0.5768     0.9990    -0.9990    -0.9989     0.9990     0.5767705     0.0000004     0.1750868    -5.1898401     0.2496445    -1.1078718    -2.0904879     0.0019336     0.0009603     0.0038346     0.6666638
 103  1.9000    0.7840     0.5767     0.9989    -0.9988    -0.9989     0.9989     0.5767122     0.0000005     0.1750515    -5.1271844     0.2798206    -1.1076875    -2.0901259     0.0021647     0.0009993     0.0041667     0.6666632
 104  1.9000    0.7680     0.5767     0.9988    -0.9989    -0.9988     0.9989     0.5766878     0.0000004     0.1750366    -5.0648580     0.2592545    -1.1075719    -2.0899065     0.0021387     0.0010872     0.0043750     0.6666636
 105  1.9000    0.7520     0.5777     1.0059    -0.9988    -0.9987     0.9987     0.5776528     0.0000005     0.1756231    -5.0159069     0.3359985    -1.1072684    -2.0970062     0.0024089     0.0012305     0.0049219     0.6666625
 106  1.9000    0.7360     0.5766     0.9987    -0.9988    -0.9987     0.9988     0.5766211     0.0000004     0.1749962    -4.9401500     0.2683678    -1.1073443    -2.0894848     0.0024251     0.0011556     0.0047852     0.6666633
 107  1.9000    0.7200     0.5769     1.0020    -0.9983    -0.9984     0.9985     0.5769471     0.0000007     0.1751944    -4.8827191     0.4482726    -1.1067155    -2.0919421     0.0030664     0.0013770     0.0059180     0.6666612
 108  1.9000    0.7040     0.5764     0.9984    -0.9984    -0.9985     0.9984     0.5764350     0.0000006     0.1748834    -4.8141471     0.3435251    -1.1067336    -2.0883035     0.0028646     0.0015007     0.0058854     0.6666620
 109  1.9000    0.6880     0.5764     0.9984    -0.9985    -0.9983     0.9983     0.5764096     0.0000007     0.1748681    -4.7518443     0.3901053    -1.1066071    -2.0880690     0.0029622     0.0016178     0.0061133     0.6666613
 110  1.9000    0.6720     0.5763     0.9981    -0.9982    -0.9981     0.9982     0.5762903     0.0000008     0.1747958    -4.6887416     0.4174595    -1.1062856    -2.0874533     0.0033464     0.0016243     0.0066927     0.6666605
 111  1.9000    0.6560     0.5762     0.9981    -0.9979    -0.9981     0.9979     0.5761963     0.0000009     0.1747389    -4.6259031     0.4234134    -1.1060362    -2.0869641     0.0035384     0.0018555     0.0071419     0.6666600
 112  1.9000    0.6400     0.5761     0.9977    -0.9978    -0.9979     0.9980     0.5761089     0.0000009     0.1746859    -4.5628330     0.4436879    -1.1056207    -2.0861953     0.0039681     0.0018164     0.0078906     0.6666600
 113  1.9000    0.6240     0.5760     0.9977    -0.9977    -0.9977     0.9975     0.5759811     0.0000010     0.1746085    -4.4997798     0.4789040    -1.1053208    -2.0855935     0.0041211     0.0022526     0.0084310     0.6666588
 114  1.9000    0.6080     0.5759     0.9975    -0.9974    -0.9977     0.9972     0.5758843     0.0000011     0.1745499    -4.4368841     0.5058724    -1.1050137    -2.0849955     0.0043294     0.0024577     0.0089844     0.6666583
 115  1.9000    0.5920     0.5757     0.9970    -0.9972    -0.9974     0.9972     0.5757424     0.0000013     0.1744641    -4.3735400     0.5550011    -1.1045440    -2.0841072     0.0046777     0.0025065     0.0098307     0.6666571
 116  1.9000    0.5760     0.5756     0.9970    -0.9967    -0.9972     0.9969     0.5755968     0.0000014     0.1743759    -4.3103143     0.5969558    -1.1041537    -2.0833218     0.0052409     0.0026367     0.0105339     0.6666561
 117  1.9000    0.5600     0.5755     0.9969    -0.9967    -0.9966     0.9967     0.5754633     0.0000015     0.1742952    -4.2471336     0.5977874    -1.1037165    -2.0825036     0.0057910     0.0028613     0.0113216     0.6666555
 118  1.9000    0.5440     0.5752     0.9963    -0.9963    -0.9964     0.9962     0.5752106     0.0000017     0.1741423    -4.1828819     0.6620395    -1.1029577    -2.0810223     0.0062695     0.0032585     0.0126888     0.6666539
 119  1.9000    0.5280     0.5752     0.9960    -0.9962    -0.9964     0.9963     0.5751645     0.0000019     0.1741147    -4.1208369     0.7313036    -1.1029288    -2.0809600     0.0062533     0.0031152     0.0127409     0.6666520
 120  1.9000    0.5120     0.5749     0.9958    -0.9960    -0.9956     0.9959     0.5749418     0.0000021     0.1739800    -4.0570204     0.7458624    -1.1022893    -2.0797239     0.0069727     0.0032943     0.0138932     0.6666510
 121  1.9000    0.4960     0.5745     0.9951    -0.9949    -0.9950     0.9951     0.5744814     0.0000026     0.1737020    -3.9914150     0.8463860    -1.1011294    -2.0774430     0.0081120     0.0039518     0.0159831     0.6666470
 122  1.9000    0.4800     0.5743     0.9946    -0.9947    -0.9947     0.9947     0.5742615     0.0000030     0.1735694    -3.9278874     0.9237382    -1.1005694    -2.0763655     0.0084408     0.0042676     0.0169857     0.6666439
 123  1.9000    0.4640     0.5741     0.9940    -0.9944    -0.9946     0.9943     0.5740961     0.0000031     0.1734695    -3.8648168     0.8918821    -1.1001430    -2.0755278     0.0085124     0.0044889     0.0177604     0.6666432
 124  1.9000    0.4480     0.5736     0.9933    -0.9936    -0.9933     0.9935     0.5735642     0.0000036     0.1731488    -3.7992573     0.9894929    -1.0989831    -2.0732683     0.0098633     0.0049935     0.0198503     0.6666388
 125  1.9000    0.4320     0.5730     0.9924    -0.9923    -0.9924     0.9928     0.5730042     0.0000048     0.1728121    -3.7338735     1.1342575    -1.0979389    -2.0711522     0.0110970     0.0051790     0.0217253     0.6666296
 126  1.9000    0.4160     0.5731     0.9952    -0.9918    -0.9915     0.9918     0.5730681     0.0000059     0.1728517    -3.6748231     1.2727104    -1.0968621    -2.0729746     0.0118359     0.0058561     0.0236719     0.6666217
 127  1.9000    0.4000     0.5720     0.9905    -0.9909    -0.9908     0.9908     0.5720128     0.0000061     0.1722159    -3.6038081     1.2532340    -1.0956914    -2.0668935     0.0125977     0.0063835     0.0257812     0.6666199
 128  1.9000    0.3840     0.5713     0.9895    -0.9894    -0.9894     0.9898     0.5712939     0.0000083     0.1717855    -3.5379204     1.5656150    -1.0945027    -2.0643573     0.0142513     0.0065625     0.0279232     0.6666028
 129  1.9000    0.3680     0.5702     0.9879    -0.9874    -0.9874     0.9876     0.5701879     0.0000100     0.1711227    -3.4702038     1.6616241    -1.0926888    -2.0607732     0.0159473     0.0076367     0.0311849     0.6665895
 130  1.9000    0.3520     0.5688     0.9849    -0.9852    -0.9852     0.9853     0.5687765     0.0000141     0.1702808    -3.4012498     1.9027712    -1.0904775    -2.0564358     0.0174284     0.0087305     0.0351693     0.6665571
 131  1.9000    0.3360     0.5673     0.9824    -0.9826    -0.9826     0.9827     0.5672748     0.0000178     0.1693866    -3.3325313     2.1035563    -1.0883528    -2.0522343     0.0194173     0.0096582     0.0390039     0.6665279
 132  1.9000    0.3200     0.5643     0.9772    -0.9776    -0.9774     0.9777     0.5643495     0.0000284     0.1676549    -3.2591602     2.7108420    -1.0852310    -2.0461176     0.0222168     0.0110775     0.0446224     0.6664433
 133  1.9000    0.3040     0.5614     0.9734    -0.9724    -0.9718     0.9722     0.5614440     0.0000371     0.1659420    -3.1864749     3.0759671    -1.0821272    -2.0400175     0.0257194     0.0122526     0.0502148     0.6663719
 134  1.9000    0.2880     0.5554     0.9624    -0.9619    -0.9621     0.9617     0.5554196     0.0000642     0.1624279    -3.1058923     3.8969693    -1.0776178    -2.0314290     0.0291406     0.0147428     0.0583464     0.6661467
 135  1.9000    0.2720     0.5473     0.9482    -0.9477    -0.9483     0.9476     0.5472931     0.0000894     0.1577366    -3.0209096     4.1230861    -1.0720172    -2.0209861     0.0339844     0.0171549     0.0684375     0.6659215
 136  1.9000    0.2560     0.5337     0.9246    -0.9240    -0.9249     0.9242     0.5337088     0.0001583     0.1500768    -2.9260684     5.6639121    -1.0646642    -2.0083228     0.0404427     0.0205306     0.0816797     0.6652801
 137  1.9000    0.2400     0.5148     0.8916    -0.8911    -0.8924     0.8917     0.5148275     0.0002331     0.1397317    -2.8266072     6.2214899    -1.0572569    -1.9966592     0.0468848     0.0231185     0.0950130     0.6644717
 138  1.9000    0.2240     0.4836     0.8358    -0.8378    -0.8377     0.8392     0.4836117     0.0003160     0.1234108    -2.7094665     6.2067907    -1.0468941    -1.9817777     0.0554232     0.0269824     0.1136719     0.6633017
 139  1.9000    0.2080     0.4474     0.7753    -0.7778    -0.7723     0.7745     0.4474220     0.0003345     0.1056958    -2.5955391     5.6038639    -1.0379765    -1.9704260     0.0628613     0.0308952     0.1297591     0.6624820
 140  1.9000    0.1920     0.4076     0.7123    -0.7062    -0.7030     0.7025     0.4076174     0.0003831     0.0878315    -2.5689811    10.9980153    -1.0293985    -2.0424466     0.0693913     0.0341764     0.1452018     0.6608704
 141  1.9000    0.1760     0.3682     0.6446    -0.6356    -0.6358     0.6352     0.3682299     0.0003511     0.0717160    -2.4009108     4.8053101    -1.0237293    -1.9645466     0.0740104     0.0344889     0.1554102     0.6600889
 142  1.9000    0.1600     0.3284     0.5652    -0.5705    -0.5662     0.5735     0.3284253     0.0003415     0.0571116    -2.3129999     4.3561818    -1.0188405    -1.9600326     0.0775326     0.0347461     0.1642383     0.6587317
 143  1.9000    0.1440     0.2924     0.5062    -0.5065    -0.5070     0.5060     0.2924048     0.0003433     0.0453436    -2.2338154     3.8922564    -1.0147395    -1.9509858     0.0782585     0.0362305     0.1715755     0.6566566
 144  1.9000    0.1280     0.2555     0.4435    -0.4422    -0.4427     0.4419     0.2555282     0.0003264     0.0346921    -2.1707658     3.6002495    -1.0122644    -1.9510674     0.0795898     0.0352734     0.1760612     0.6539060
 145  1.9000    0.1120     0.2220     0.3851    -0.3848    -0.3844     0.3837     0.2219904     0.0003091     0.0262458    -2.1178736     3.3356112    -1.0098073    -1.9508684     0.0798503     0.0344564     0.1805013     0.6511552
 146  1.9000    0.0960     0.1873     0.3222    -0.3237    -0.3258     0.3258     0.1872836     0.0002946     0.0187552    -2.0691821     3.1910829    -1.0072780    -1.9484149     0.0793392     0.0345540     0.1850195     0.6455756
 147  1.9000    0.0800     0.1540     0.2644    -0.2670    -0.2688     0.2665     0.1539629     0.0003143     0.0127904    -2.0503867     3.4756108    -1.0052510    -1.9680511     0.0787077     0.0330827     0.1886979     0.6343002
 148  1.9000    0.0640     0.1232     0.2128    -0.2177    -0.2090     0.2144     0.1232432     0.0002969     0.0082911    -2.0073031     2.9946767    -1.0034335    -1.9543220     0.0796908     0.0315723     0.1919401     0.6191220
 149  1.9000    0.0480     0.0919     0.1587    -0.1604    -0.1579     0.1594     0.0918724     0.0002897     0.0047321    -1.9776323     2.7392253    -1.0037370    -1.9480110     0.0776432     0.0291895     0.1914323     0.5856901
 150  1.9000    0.0320     0.0615     0.1069    -0.1085    -0.1042     0.1057     0.0613998     0.0002840     0.0022732    -1.9690103     3.0456496    -1.0038635    -1.9558127     0.0753678     0.0275944     0.1911784     0.5062573
 151  1.9000    0.0160     0.0325     0.0480    -0.0544    -0.0496     0.0594     0.0305289     0.0002052     0.0007605    -1.9660969     3.2084530    -1.0028843    -1.9622586     0.0736426     0.0258301     0.1929492     0.2609320
 152  1.9000   -0.0000     0.0185     0.0056     0.0031    -0.0022    -0.0003     0.0006352     0.0001030     0.0002837    -1.9932612     3.7911088    -1.0038671    -1.9924869     0.0714974     0.0238900     0.1911914    -0.0166469
